nominal;data;curs;cdx
10;05.10.2022;31.6825;Турецкая лира
10;04.10.2022;31.0575;Турецкая лира
10;01.10.2022;29.8581;Турецкая лира
10;30.09.2022;31.0292;Турецкая лира
10;29.09.2022;31.6492;Турецкая лира
10;28.09.2022;31.5431;Турецкая лира
10;27.09.2022;31.5438;Турецкая лира
10;24.09.2022;31.6509;Турецкая лира
10;23.09.2022;32.6746;Турецкая лира
10;22.09.2022;33.2704;Турецкая лира
10;21.09.2022;32.8273;Турецкая лира
10;20.09.2022;32.9429;Турецкая лира
10;17.09.2022;32.8776;Турецкая лира
10;16.09.2022;32.6966;Турецкая лира
10;15.09.2022;32.7770;Турецкая лира
10;14.09.2022;32.9406;Турецкая лира
10;13.09.2022;33.1537;Турецкая лира
10;10.09.2022;33.1596;Турецкая лира
10;09.09.2022;33.3514;Турецкая лира
10;08.09.2022;33.5770;Турецкая лира
10;07.09.2022;33.3972;Турецкая лира
10;06.09.2022;33.4316;Турецкая лира
10;03.09.2022;33.1767;Турецкая лира
10;02.09.2022;33.1213;Турецкая лира
10;01.09.2022;33.1324;Турецкая лира
10;31.08.2022;33.2034;Турецкая лира
10;30.08.2022;33.2165;Турецкая лира
10;27.08.2022;33.0851;Турецкая лира
10;26.08.2022;32.9601;Турецкая лира
10;25.08.2022;33.1144;Турецкая лира
10;24.08.2022;33.0643;Турецкая лира
10;23.08.2022;33.0193;Турецкая лира
10;20.08.2022;32.8786;Турецкая лира
10;19.08.2022;33.3886;Турецкая лира
10;18.08.2022;33.8315;Турецкая лира
10;17.08.2022;34.2060;Турецкая лира
10;16.08.2022;34.1867;Турецкая лира
10;13.08.2022;33.9238;Турецкая лира
10;12.08.2022;33.7788;Турецкая лира
10;11.08.2022;33.6828;Турецкая лира
10;10.08.2022;33.6284;Турецкая лира
10;09.08.2022;33.5980;Турецкая лира
10;06.08.2022;33.6298;Турецкая лира
10;05.08.2022;33.5662;Турецкая лира
10;04.08.2022;33.5605;Турецкая лира
10;03.08.2022;33.5307;Турецкая лира
10;02.08.2022;34.6458;Турецкая лира
10;30.07.2022;34.2121;Турецкая лира
10;29.07.2022;33.6590;Турецкая лира
10;28.07.2022;33.7373;Турецкая лира
10;27.07.2022;32.9237;Турецкая лира
10;26.07.2022;32.5955;Турецкая лира
10;23.07.2022;32.5274;Турецкая лира
10;22.07.2022;32.1330;Турецкая лира
10;21.07.2022;31.2383;Турецкая лира
10;20.07.2022;31.7158;Турецкая лира
10;19.07.2022;32.3692;Турецкая лира
10;16.07.2022;33.0964;Турецкая лира
10;15.07.2022;33.4675;Турецкая лира
10;14.07.2022;33.8812;Турецкая лира
10;13.07.2022;34.0676;Турецкая лира
10;12.07.2022;35.4860;Турецкая лира
10;09.07.2022;35.4639;Турецкая лира
10;08.07.2022;36.7166;Турецкая лира
10;07.07.2022;37.1108;Турецкая лира
10;06.07.2022;34.8106;Турецкая лира
10;05.07.2022;32.9252;Турецкая лира
10;02.07.2022;32.2417;Турецкая лира
10;01.07.2022;31.4745;Турецкая лира
10;30.06.2022;30.7553;Турецкая лира
10;29.06.2022;31.7927;Турецкая лира
10;28.06.2022;30.7335;Турецкая лира
10;25.06.2022;30.7116;Турецкая лира
10;24.06.2022;30.7614;Турецкая лира
10;23.06.2022;30.7394;Турецкая лира
10;22.06.2022;31.5741;Турецкая лира
10;21.06.2022;32.4583;Турецкая лира
10;18.06.2022;32.7736;Турецкая лира
10;17.06.2022;32.9248;Турецкая лира
10;16.06.2022;32.8481;Турецкая лира
10;15.06.2022;33.0974;Турецкая лира
10;11.06.2022;33.5645;Турецкая лира
10;10.06.2022;34.1301;Турецкая лира
10;09.06.2022;36.0141;Турецкая лира
10;08.06.2022;36.7788;Турецкая лира
10;07.06.2022;37.0553;Турецкая лира
10;04.06.2022;37.6605;Турецкая лира
10;03.06.2022;37.4829;Турецкая лира
10;02.06.2022;37.4785;Турецкая лира
10;01.06.2022;37.6317;Турецкая лира
10;31.05.2022;38.5620;Турецкая лира
10;28.05.2022;40.5321;Турецкая лира
10;27.05.2022;38.1102;Турецкая лира
10;26.05.2022;34.9709;Турецкая лира
10;25.05.2022;35.9115;Турецкая лира
10;24.05.2022;36.5192;Турецкая лира
10;21.05.2022;36.9542;Турецкая лира
10;20.05.2022;39.1613;Турецкая лира
10;19.05.2022;40.2234;Турецкая лира
10;18.05.2022;40.7904;Турецкая лира
10;17.05.2022;41.0599;Турецкая лира
10;14.05.2022;41.5061;Турецкая лира
10;13.05.2022;42.9957;Турецкая лира
10;12.05.2022;45.2700;Турецкая лира
10;07.05.2022;45.3928;Турецкая лира
10;06.05.2022;44.7598;Турецкая лира
10;05.05.2022;46.9075;Турецкая лира
10;30.04.2022;48.0114;Турецкая лира
10;29.04.2022;48.8165;Турецкая лира
10;28.04.2022;49.3064;Турецкая лира
10;27.04.2022;49.2701;Турецкая лира
10;26.04.2022;49.8374;Турецкая лира
10;23.04.2022;49.9351;Турецкая лира
10;22.04.2022;51.1112;Турецкая лира
10;21.04.2022;52.5948;Турецкая лира
10;20.04.2022;53.9537;Турецкая лира
10;19.04.2022;54.2774;Турецкая лира
10;16.04.2022;54.7075;Турецкая лира
10;15.04.2022;55.6523;Турецкая лира
10;14.04.2022;54.7892;Турецкая лира
10;13.04.2022;54.2550;Турецкая лира
10;12.04.2022;53.7426;Турецкая лира
10;09.04.2022;50.7989;Турецкая лира
10;08.04.2022;51.7255;Турецкая лира
10;07.04.2022;56.0700;Турецкая лира
10;06.04.2022;56.6681;Турецкая лира
10;05.04.2022;56.8681;Турецкая лира
10;02.04.2022;56.7927;Турецкая лира
10;01.04.2022;56.8163;Турецкая лира
10;31.03.2022;57.3044;Турецкая лира
10;30.03.2022;59.1568;Турецкая лира
10;29.03.2022;63.1350;Турецкая лира
10;26.03.2022;64.4330;Турецкая лира
10;25.03.2022;64.7257;Турецкая лира
10;24.03.2022;69.4912;Турецкая лира
10;23.03.2022;70.1890;Турецкая лира
10;22.03.2022;70.6108;Турецкая лира
10;19.03.2022;70.1623;Турецкая лира
10;18.03.2022;71.0257;Турецкая лира
10;17.03.2022;73.4309;Турецкая лира
10;16.03.2022;76.1075;Турецкая лира
10;15.03.2022;78.1294;Турецкая лира
10;12.03.2022;79.1843;Турецкая лира
10;11.03.2022;81.6441;Турецкая лира
10;10.03.2022;80.1363;Турецкая лира
10;06.03.2022;74.5867;Турецкая лира
10;05.03.2022;74.4922;Турецкая лира
10;04.03.2022;79.0340;Турецкая лира
10;03.03.2022;73.6145;Турецкая лира
10;02.03.2022;66.1464;Турецкая лира
10;01.03.2022;67.7806;Турецкая лира
10;26.02.2022;59.4030;Турецкая лира
10;25.02.2022;61.5530;Турецкая лира
10;23.02.2022;58.4656;Турецкая лира
10;22.02.2022;56.3242;Турецкая лира
10;19.02.2022;55.6198;Турецкая лира
10;18.02.2022;55.6461;Турецкая лира
10;17.02.2022;55.0558;Турецкая лира
10;16.02.2022;56.0238;Турецкая лира
10;15.02.2022;56.5426;Турецкая лира
10;12.02.2022;55.3865;Турецкая лира
10;11.02.2022;55.1771;Турецкая лира
10;10.02.2022;55.0270;Турецкая лира
10;09.02.2022;55.1740;Турецкая лира
10;08.02.2022;55.8409;Турецкая лира
10;05.02.2022;56.0765;Турецкая лира
10;04.02.2022;56.5062;Турецкая лира
10;03.02.2022;56.9084;Турецкая лира
10;02.02.2022;57.6416;Турецкая лира
10;01.02.2022;58.1259;Турецкая лира
10;29.01.2022;57.1556;Турецкая лира
10;28.01.2022;58.0681;Турецкая лира
10;27.01.2022;58.5657;Турецкая лира
10;26.01.2022;58.1480;Турецкая лира
10;25.01.2022;57.8343;Турецкая лира
10;22.01.2022;57.1544;Турецкая лира
10;21.01.2022;56.6413;Турецкая лира
10;20.01.2022;56.4318;Турецкая лира
10;19.01.2022;56.4894;Турецкая лира
10;18.01.2022;56.3993;Турецкая лира
10;15.01.2022;56.0302;Турецкая лира
10;14.01.2022;55.0740;Турецкая лира
10;13.01.2022;54.3581;Турецкая лира
10;12.01.2022;54.0875;Турецкая лира
10;11.01.2022;54.3317;Турецкая лира
10;31.12.2021;57.8432;Турецкая лира
10;30.12.2021;60.9117;Турецкая лира
10;29.12.2021;62.1005;Турецкая лира
10;28.12.2021;63.8724;Турецкая лира
10;25.12.2021;62.9433;Турецкая лира
10;24.12.2021;63.3278;Турецкая лира
10;23.12.2021;59.1575;Турецкая лира
10;22.12.2021;53.3386;Турецкая лира
10;21.12.2021;42.4692;Турецкая лира
10;18.12.2021;45.7497;Турецкая лира
10;17.12.2021;48.4624;Турецкая лира
10;16.12.2021;50.4792;Турецкая лира
10;15.12.2021;51.8580;Турецкая лира
10;14.12.2021;51.0151;Турецкая лира
10;11.12.2021;53.1531;Турецкая лира
10;10.12.2021;53.5193;Турецкая лира
10;09.12.2021;54.0971;Турецкая лира
10;08.12.2021;54.2327;Турецкая лира
10;07.12.2021;53.6890;Турецкая лира
10;04.12.2021;53.5745;Турецкая лира
10;03.12.2021;54.9626;Турецкая лира
10;02.12.2021;54.4291;Турецкая лира
10;01.12.2021;58.3507;Турецкая лира
10;30.11.2021;59.6433;Турецкая лира
10;27.11.2021;62.9333;Турецкая лира
10;26.11.2021;62.2490;Турецкая лира
10;25.11.2021;57.9316;Турецкая лира
10;24.11.2021;62.2532;Турецкая лира
10;23.11.2021;65.9773;Турецкая лира
10;20.11.2021;66.6255;Турецкая лира
10;19.11.2021;67.5665;Турецкая лира
10;18.11.2021;70.0637;Турецкая лира
10;17.11.2021;71.4429;Турецкая лира
10;16.11.2021;72.3955;Турецкая лира
10;13.11.2021;72.2620;Турецкая лира
10;12.11.2021;71.5419;Турецкая лира
10;11.11.2021;72.2557;Турецкая лира
10;10.11.2021;73.2459;Турецкая лира
10;09.11.2021;73.7189;Турецкая лира
10;04.11.2021;74.2512;Турецкая лира
10;03.11.2021;75.2617;Турецкая лира
10;02.11.2021;74.4336;Турецкая лира
10;30.10.2021;73.4384;Турецкая лира
10;29.10.2021;73.4537;Турецкая лира
10;28.10.2021;73.5923;Турецкая лира
10;27.10.2021;73.5866;Турецкая лира
10;26.10.2021;72.1318;Турецкая лира
10;23.10.2021;73.5750;Турецкая лира
10;22.10.2021;76.6560;Турецкая лира
10;21.10.2021;76.2308;Турецкая лира
10;20.10.2021;76.2656;Турецкая лира
10;19.10.2021;76.6322;Турецкая лира
10;16.10.2021;77.4409;Турецкая лира
10;15.10.2021;78.6715;Турецкая лира
10;14.10.2021;79.6437;Турецкая лира
10;13.10.2021;79.6147;Турецкая лира
10;12.10.2021;80.0104;Турецкая лира
10;09.10.2021;80.4373;Турецкая лира
10;08.10.2021;81.4309;Турецкая лира
10;07.10.2021;81.3098;Турецкая лира
10;06.10.2021;81.9308;Турецкая лира
10;05.10.2021;82.2345;Турецкая лира
10;02.10.2021;82.1966;Турецкая лира
10;01.10.2021;81.7959;Турецкая лира
10;30.09.2021;82.1766;Турецкая лира
10;29.09.2021;81.6691;Турецкая лира
10;28.09.2021;81.9929;Турецкая лира
10;25.09.2021;82.8179;Турецкая лира
10;24.09.2021;84.2109;Турецкая лира
10;23.09.2021;84.3496;Турецкая лира
10;22.09.2021;84.8105;Турецкая лира
10;21.09.2021;84.3026;Турецкая лира
10;18.09.2021;84.5168;Турецкая лира
10;17.09.2021;85.7549;Турецкая лира
10;16.09.2021;86.3114;Турецкая лира
10;15.09.2021;86.0965;Турецкая лира
10;14.09.2021;86.3674;Турецкая лира
10;11.09.2021;86.4616;Турецкая лира
10;10.09.2021;86.0837;Турецкая лира
10;09.09.2021;87.4071;Турецкая лира
10;08.09.2021;88.0736;Турецкая лира
10;07.09.2021;87.9629;Турецкая лира
10;04.09.2021;87.4814;Турецкая лира
10;03.09.2021;87.9756;Турецкая лира
10;02.09.2021;88.1981;Турецкая лира
10;01.09.2021;88.1976;Турецкая лира
10;31.08.2021;88.3172;Турецкая лира
10;28.08.2021;88.2684;Турецкая лира
10;27.08.2021;88.5174;Турецкая лира
10;26.08.2021;87.8947;Турецкая лира
10;25.08.2021;87.7370;Турецкая лира
10;24.08.2021;87.3911;Турецкая лира
10;21.08.2021;87.0457;Турецкая лира
10;20.08.2021;86.9757;Турецкая лира
10;19.08.2021;86.5690;Турецкая лира
10;18.08.2021;87.2670;Турецкая лира
10;17.08.2021;86.6719;Турецкая лира
10;14.08.2021;85.8078;Турецкая лира
10;13.08.2021;85.8476;Турецкая лира
10;12.08.2021;85.7956;Турецкая лира
10;11.08.2021;85.1138;Турецкая лира
10;10.08.2021;84.8653;Турецкая лира
10;07.08.2021;85.1651;Турецкая лира
10;06.08.2021;85.7883;Турецкая лира
10;05.08.2021;86.2022;Турецкая лира
10;04.08.2021;87.5029;Турецкая лира
10;03.08.2021;86.8293;Турецкая лира
10;31.07.2021;86.9107;Турецкая лира
10;30.07.2021;86.1165;Турецкая лира
10;29.07.2021;86.0137;Турецкая лира
10;28.07.2021;86.1452;Турецкая лира
10;27.07.2021;86.1394;Турецкая лира
10;24.07.2021;86.2169;Турецкая лира
10;23.07.2021;86.1108;Турецкая лира
10;22.07.2021;86.6711;Турецкая лира
10;21.07.2021;87.0049;Турецкая лира
10;20.07.2021;86.4985;Турецкая лира
10;17.07.2021;87.2106;Турецкая лира
10;16.07.2021;86.5052;Турецкая лира
10;15.07.2021;85.9713;Турецкая лира
10;14.07.2021;85.8763;Турецкая лира
10;13.07.2021;86.3565;Турецкая лира
10;10.07.2021;85.7980;Турецкая лира
10;09.07.2021;86.2271;Турецкая лира
10;08.07.2021;85.3645;Турецкая лира
10;07.07.2021;84.5266;Турецкая лира
10;06.07.2021;84.3149;Турецкая лира
10;03.07.2021;84.6830;Турецкая лира
10;02.07.2021;83.9255;Турецкая лира
10;01.07.2021;83.6661;Турецкая лира
10;30.06.2021;82.9396;Турецкая лира
10;29.06.2021;82.4182;Турецкая лира
10;26.06.2021;83.0192;Турецкая лира
10;25.06.2021;83.4027;Турецкая лира
10;24.06.2021;84.2722;Турецкая лира
10;23.06.2021;83.5563;Турецкая лира
10;22.06.2021;83.4088;Турецкая лира
10;19.06.2021;83.2871;Турецкая лира
10;18.06.2021;84.1025;Турецкая лира
10;17.06.2021;84.4805;Турецкая лира
10;16.06.2021;84.0512;Турецкая лира
10;12.06.2021;86.0211;Турецкая лира
10;11.06.2021;84.3566;Турецкая лира
10;10.06.2021;83.9149;Турецкая лира
10;09.06.2021;84.6475;Турецкая лира
10;08.06.2021;84.5431;Турецкая лира
10;05.06.2021;84.3032;Турецкая лира
10;04.06.2021;84.9926;Турецкая лира
10;03.06.2021;85.1360;Турецкая лира
10;02.06.2021;86.0405;Турецкая лира
10;01.06.2021;86.4142;Турецкая лира
10;29.05.2021;85.9591;Турецкая лира
10;28.05.2021;87.1491;Турецкая лира
10;27.05.2021;86.9769;Турецкая лира
10;26.05.2021;87.2415;Турецкая лира
10;25.05.2021;87.5702;Турецкая лира
10;22.05.2021;87.8896;Турецкая лира
10;21.05.2021;87.8584;Турецкая лира
10;20.05.2021;87.7336;Турецкая лира
10;19.05.2021;88.4107;Турецкая лира
10;18.05.2021;88.2330;Турецкая лира
10;15.05.2021;87.4563;Турецкая лира
10;14.05.2021;87.5072;Турецкая лира
10;13.05.2021;88.9530;Турецкая лира
10;12.05.2021;89.3422;Турецкая лира
10;08.05.2021;89.4946;Турецкая лира
10;07.05.2021;89.7577;Турецкая лира
10;06.05.2021;89.6418;Турецкая лира
10;05.05.2021;90.5823;Турецкая лира
10;01.05.2021;90.9407;Турецкая лира
10;30.04.2021;91.0666;Турецкая лира
10;29.04.2021;91.4135;Турецкая лира
10;28.04.2021;90.7161;Турецкая лира
10;27.04.2021;89.8524;Турецкая лира
10;24.04.2021;90.1064;Турецкая лира
10;23.04.2021;92.3246;Турецкая лира
10;22.04.2021;94.3164;Турецкая лира
10;21.04.2021;93.7468;Турецкая лира
10;20.04.2021;94.6594;Турецкая лира
10;17.04.2021;93.5890;Турецкая лира
10;16.04.2021;95.7770;Турецкая лира
10;15.04.2021;93.7234;Турецкая лира
10;14.04.2021;94.9270;Турецкая лира
10;13.04.2021;94.5087;Турецкая лира
10;10.04.2021;94.7074;Турецкая лира
10;09.04.2021;94.4785;Турецкая лира
10;08.04.2021;95.2482;Турецкая лира
10;07.04.2021;93.7859;Турецкая лира
10;06.04.2021;93.8456;Турецкая лира
10;03.04.2021;94.6669;Турецкая лира
10;02.04.2021;92.9603;Турецкая лира
10;01.04.2021;90.8698;Турецкая лира
10;31.03.2021;90.7234;Турецкая лира
10;30.03.2021;93.0996;Турецкая лира
10;27.03.2021;94.8357;Турецкая лира
10;26.03.2021;95.7551;Турецкая лира
10;25.03.2021;95.4651;Турецкая лира
10;24.03.2021;97.0252;Турецкая лира
10;23.03.2021;93.8720;Турецкая лира
1;20.03.2021;10.2130;Турецкая лира
10;19.03.2021;98.2463;Турецкая лира
10;18.03.2021;97.4069;Турецкая лира
10;17.03.2021;96.9091;Турецкая лира
10;16.03.2021;96.8596;Турецкая лира
10;13.03.2021;97.1584;Турецкая лира
10;12.03.2021;98.7049;Турецкая лира
10;11.03.2021;97.0689;Турецкая лира
10;10.03.2021;96.6501;Турецкая лира
10;06.03.2021;98.7692;Турецкая лира
10;05.03.2021;98.7096;Турецкая лира
1;04.03.2021;10.0461;Турецкая лира
1;03.03.2021;10.2034;Турецкая лира
1;02.03.2021;10.0675;Турецкая лира
1;27.02.2021;10.1546;Турецкая лира
1;26.02.2021;10.2213;Турецкая лира
1;25.02.2021;10.3542;Турецкая лира
1;21.02.2021;10.6260;Турецкая лира
1;20.02.2021;10.6086;Турецкая лира
1;19.02.2021;10.5808;Турецкая лира
1;18.02.2021;10.5481;Турецкая лира
1;17.02.2021;10.5729;Турецкая лира
1;16.02.2021;10.5101;Турецкая лира
1;13.02.2021;10.5161;Турецкая лира
1;12.02.2021;10.4721;Турецкая лира
1;11.02.2021;10.4512;Турецкая лира
1;10.02.2021;10.3992;Турецкая лира
1;09.02.2021;10.5213;Турецкая лира
1;06.02.2021;10.5924;Турецкая лира
1;05.02.2021;10.5856;Турецкая лира
1;04.02.2021;10.6477;Турецкая лира
1;03.02.2021;10.6718;Турецкая лира
1;02.02.2021;10.4338;Турецкая лира
1;30.01.2021;10.3836;Турецкая лира
1;29.01.2021;10.3164;Турецкая лира
1;28.01.2021;10.1959;Турецкая лира
1;27.01.2021;10.1994;Турецкая лира
1;26.01.2021;10.1409;Турецкая лира
1;23.01.2021;10.0026;Турецкая лира
10;22.01.2021;99.2753;Турецкая лира
10;21.01.2021;98.5200;Турецкая лира
10;20.01.2021;98.7864;Турецкая лира
10;19.01.2021;98.3076;Турецкая лира
10;16.01.2021;99.2059;Турецкая лира
10;15.01.2021;99.6275;Турецкая лира
10;14.01.2021;98.9122;Турецкая лира
10;13.01.2021;99.6048;Турецкая лира
1;12.01.2021;10.0102;Турецкая лира
10;01.01.2021;99.9739;Турецкая лира
1;31.12.2020;10.0887;Турецкая лира
10;30.12.2020;99.3776;Турецкая лира
10;29.12.2020;98.2572;Турецкая лира
10;26.12.2020;97.3668;Турецкая лира
10;25.12.2020;97.8188;Турецкая лира
10;24.12.2020;98.7607;Турецкая лира
10;23.12.2020;98.2717;Турецкая лира
10;22.12.2020;96.8309;Турецкая лира
10;19.12.2020;94.9880;Турецкая лира
10;18.12.2020;94.0924;Турецкая лира
10;17.12.2020;94.1501;Турецкая лира
10;16.12.2020;93.5812;Турецкая лира
10;15.12.2020;91.9115;Турецкая лира
10;12.12.2020;91.8298;Турецкая лира
10;11.12.2020;93.7948;Турецкая лира
10;10.12.2020;93.7173;Турецкая лира
10;09.12.2020;94.1690;Турецкая лира
10;08.12.2020;94.7086;Турецкая лира
10;05.12.2020;95.1667;Турецкая лира
10;04.12.2020;95.3197;Турецкая лира
10;03.12.2020;96.6130;Турецкая лира
10;02.12.2020;96.5310;Турецкая лира
10;01.12.2020;97.4822;Турецкая лира
10;28.11.2020;97.0038;Турецкая лира
10;27.11.2020;95.2470;Турецкая лира
10;26.11.2020;94.8364;Турецкая лира
10;25.11.2020;96.2456;Турецкая лира
10;24.11.2020;97.4819;Турецкая лира
1;21.11.2020;10.0149;Турецкая лира
10;20.11.2020;99.5649;Турецкая лира
10;19.11.2020;98.2769;Турецкая лира
10;18.11.2020;98.5257;Турецкая лира
1;17.11.2020;10.0530;Турецкая лира
1;14.11.2020;10.0786;Турецкая лира
10;13.11.2020;98.3093;Турецкая лира
10;12.11.2020;93.8112;Турецкая лира
10;11.11.2020;92.7428;Турецкая лира
10;10.11.2020;93.2429;Турецкая лира
10;07.11.2020;91.1627;Турецкая лира
10;06.11.2020;92.6608;Турецкая лира
10;04.11.2020;94.5868;Турецкая лира
10;03.11.2020;95.8791;Турецкая лира
10;31.10.2020;95.2540;Турецкая лира
10;30.10.2020;94.9988;Турецкая лира
10;29.10.2020;94.0104;Турецкая лира
10;28.10.2020;93.8152;Турецкая лира
10;27.10.2020;94.8123;Турецкая лира
10;24.10.2020;95.9155;Турецкая лира
10;23.10.2020;98.6964;Турецкая лира
10;22.10.2020;98.3369;Турецкая лира
10;21.10.2020;98.4719;Турецкая лира
10;20.10.2020;98.7131;Турецкая лира
10;17.10.2020;98.3468;Турецкая лира
10;16.10.2020;98.2122;Турецкая лира
10;15.10.2020;97.2305;Турецкая лира
10;14.10.2020;97.7258;Турецкая лира
10;13.10.2020;97.6073;Турецкая лира
10;10.10.2020;97.1171;Турецкая лира
10;09.10.2020;98.1838;Турецкая лира
10;08.10.2020;99.6937;Турецкая лира
1;07.10.2020;10.1035;Турецкая лира
1;06.10.2020;10.1043;Турецкая лира
1;03.10.2020;10.0576;Турецкая лира
1;02.10.2020;10.0192;Турецкая лира
1;01.10.2020;10.1077;Турецкая лира
1;30.09.2020;10.1597;Турецкая лира
1;29.09.2020;10.1134;Турецкая лира
1;26.09.2020;10.1696;Турецкая лира
1;25.09.2020;10.0161;Турецкая лира
10;24.09.2020;99.4134;Турецкая лира
10;23.09.2020;99.6213;Турецкая лира
1;22.09.2020;10.0108;Турецкая лира
10;19.09.2020;99.2709;Турецкая лира
10;18.09.2020;99.7375;Турецкая лира
1;17.09.2020;10.0002;Турецкая лира
1;16.09.2020;10.0357;Турецкая лира
10;15.09.2020;99.7274;Турецкая лира
1;12.09.2020;10.0275;Турецкая лира
1;11.09.2020;10.0874;Турецкая лира
1;10.09.2020;10.1548;Турецкая лира
1;09.09.2020;10.1536;Турецкая лира
1;08.09.2020;10.1375;Турецкая лира
1;05.09.2020;10.1041;Турецкая лира
1;04.09.2020;10.1691;Турецкая лира
1;03.09.2020;10.0139;Турецкая лира
10;02.09.2020;99.8533;Турецкая лира
1;01.09.2020;10.0563;Турецкая лира
1;29.08.2020;10.1731;Турецкая лира
1;28.08.2020;10.2842;Турецкая лира
1;27.08.2020;10.2690;Турецкая лира
1;26.08.2020;10.0993;Турецкая лира
1;25.08.2020;10.1145;Турецкая лира
1;22.08.2020;10.2188;Турецкая лира
1;21.08.2020;10.0784;Турецкая лира
10;20.08.2020;99.3815;Турецкая лира
10;19.08.2020;99.3964;Турецкая лира
10;18.08.2020;98.6889;Турецкая лира
1;15.08.2020;9.9300;Турецкая лира
1;14.08.2020;10.0126;Турецкая лира
1;13.08.2020;10.0288;Турецкая лира
1;12.08.2020;10.0177;Турецкая лира
1;11.08.2020;10.0475;Турецкая лира
1;08.08.2020;10.0563;Турецкая лира
1;07.08.2020;10.2616;Турецкая лира
1;06.08.2020;10.4363;Турецкая лира
1;05.08.2020;10.5361;Турецкая лира
1;04.08.2020;10.6301;Турецкая лира
1;01.08.2020;10.5231;Турецкая лира
1;31.07.2020;10.5090;Турецкая лира
1;30.07.2020;10.3860;Турецкая лира
1;29.07.2020;10.4281;Турецкая лира
1;28.07.2020;10.4537;Турецкая лира
1;25.07.2020;10.4578;Турецкая лира
1;24.07.2020;10.3626;Турецкая лира
1;23.07.2020;10.3328;Турецкая лира
1;22.07.2020;10.3486;Турецкая лира
1;21.07.2020;10.4939;Турецкая лира
1;18.07.2020;10.4553;Турецкая лира
1;17.07.2020;10.3870;Турецкая лира
1;16.07.2020;10.3132;Турецкая лира
1;15.07.2020;10.3604;Турецкая лира
1;14.07.2020;10.3056;Турецкая лира
1;11.07.2020;10.3759;Турецкая лира
1;10.07.2020;10.3244;Турецкая лира
1;09.07.2020;10.3773;Турецкая лира
1;08.07.2020;10.5123;Турецкая лира
1;07.07.2020;10.4087;Турецкая лира
1;04.07.2020;10.2840;Турецкая лира
1;03.07.2020;10.2869;Турецкая лира
1;02.07.2020;10.2762;Турецкая лира
1;01.07.2020;10.2761;Турецкая лира
1;30.06.2020;10.2077;Турецкая лира
1;27.06.2020;10.0847;Турецкая лира
1;26.06.2020;10.1292;Турецкая лира
1;25.06.2020;10.0365;Турецкая лира
1;24.06.2020;10.0395;Турецкая лира
1;23.06.2020;10.1350;Турецкая лира
1;20.06.2020;10.1447;Турецкая лира
1;19.06.2020;10.1519;Турецкая лира
1;18.06.2020;10.1581;Турецкая лира
1;17.06.2020;10.2112;Турецкая лира
1;16.06.2020;10.3016;Турецкая лира
1;12.06.2020;10.1981;Турецкая лира
1;11.06.2020;10.1083;Турецкая лира
1;10.06.2020;10.1109;Турецкая лира
1;09.06.2020;10.0773;Турецкая лира
1;06.06.2020;10.1424;Турецкая лира
1;05.06.2020;10.2001;Турецкая лира
1;04.06.2020;10.1585;Турецкая лира
1;03.06.2020;10.1283;Турецкая лира
1;02.06.2020;10.2281;Турецкая лира
1;30.05.2020;10.3762;Турецкая лира
1;29.05.2020;10.4645;Турецкая лира
1;28.05.2020;10.5026;Турецкая лира
1;27.05.2020;10.4944;Турецкая лира
1;26.05.2020;10.5054;Турецкая лира
1;23.05.2020;10.5590;Турецкая лира
1;22.05.2020;10.4457;Турецкая лира
1;21.05.2020;10.6481;Турецкая лира
1;20.05.2020;10.5415;Турецкая лира
1;19.05.2020;10.6207;Турецкая лира
1;16.05.2020;10.5831;Турецкая лира
1;15.05.2020;10.6166;Турецкая лира
1;14.05.2020;10.5201;Турецкая лира
1;13.05.2020;10.4465;Турецкая лира
1;09.05.2020;10.3937;Турецкая лира
1;08.05.2020;10.2513;Турецкая лира
1;07.05.2020;10.3350;Турецкая лира
1;01.05.2020;10.4119;Турецкая лира
1;30.04.2020;10.5429;Турецкая лира
1;29.04.2020;10.6572;Турецкая лира
1;28.04.2020;10.6593;Турецкая лира
1;25.04.2020;10.7096;Турецкая лира
1;24.04.2020;10.7630;Турецкая лира
1;23.04.2020;11.0242;Турецкая лира
1;22.04.2020;10.9369;Турецкая лира
1;21.04.2020;10.8409;Турецкая лира
1;18.04.2020;10.6413;Турецкая лира
1;17.04.2020;10.8067;Турецкая лира
1;16.04.2020;10.7526;Турецкая лира
1;15.04.2020;10.8118;Турецкая лира
1;14.04.2020;10.8621;Турецкая лира
1;11.04.2020;11.0355;Турецкая лира
1;10.04.2020;11.0271;Турецкая лира
1;09.04.2020;11.1564;Турецкая лира
1;08.04.2020;11.2234;Турецкая лира
1;07.04.2020;11.2795;Турецкая лира
1;28.03.2020;12.0661;Турецкая лира
1;27.03.2020;12.1509;Турецкая лира
1;26.03.2020;12.1447;Турецкая лира
1;25.03.2020;12.1064;Турецкая лира
1;24.03.2020;12.2672;Турецкая лира
1;21.03.2020;12.0242;Турецкая лира
1;20.03.2020;12.2984;Турецкая лира
1;19.03.2020;11.9692;Турецкая лира
1;18.03.2020;11.4725;Турецкая лира
1;17.03.2020;11.6424;Турецкая лира
1;14.03.2020;11.6275;Турецкая лира
1;13.03.2020;11.8712;Турецкая лира
1;12.03.2020;11.6366;Турецкая лира
1;11.03.2020;11.7506;Турецкая лира
1;07.03.2020;11.0945;Турецкая лира
1;06.03.2020;10.8740;Турецкая лира
1;05.03.2020;10.8229;Турецкая лира
1;04.03.2020;10.6888;Турецкая лира
1;03.03.2020;10.6689;Турецкая лира
1;29.02.2020;10.7490;Турецкая лира
1;28.02.2020;10.6511;Турецкая лира
1;27.02.2020;10.6599;Турецкая лира
1;26.02.2020;10.5952;Турецкая лира
1;22.02.2020;10.5196;Турецкая лира
1;21.02.2020;10.4619;Турецкая лира
1;20.02.2020;10.4942;Турецкая лира
1;19.02.2020;10.5085;Турецкая лира
1;18.02.2020;10.4755;Турецкая лира
1;15.02.2020;10.4737;Турецкая лира
1;14.02.2020;10.5064;Турецкая лира
1;13.02.2020;10.4504;Турецкая лира
1;12.02.2020;10.6009;Турецкая лира
1;11.02.2020;10.6512;Турецкая лира
1;08.02.2020;10.5990;Турецкая лира
1;07.02.2020;10.4869;Турецкая лира
1;06.02.2020;10.5563;Турецкая лира
1;05.02.2020;10.6067;Турецкая лира
1;04.02.2020;10.6809;Турецкая лира
1;01.02.2020;10.5572;Турецкая лира
1;31.01.2020;10.5425;Турецкая лира
1;30.01.2020;10.4972;Турецкая лира
1;29.01.2020;10.5735;Турецкая лира
1;28.01.2020;10.4879;Турецкая лира
1;25.01.2020;10.4142;Турецкая лира
1;24.01.2020;10.4671;Турецкая лира
1;23.01.2020;10.4168;Турецкая лира
1;22.01.2020;10.4274;Турецкая лира
1;21.01.2020;10.4187;Турецкая лира
1;18.01.2020;10.4945;Турецкая лира
1;17.01.2020;10.4562;Турецкая лира
1;16.01.2020;10.4155;Турецкая лира
1;15.01.2020;10.4169;Турецкая лира
1;14.01.2020;10.3963;Турецкая лира
1;11.01.2020;10.3959;Турецкая лира
1;10.01.2020;10.3947;Турецкая лира
1;01.01.2020;10.4148;Турецкая лира
1;31.12.2019;10.4087;Турецкая лира
1;28.12.2019;10.4469;Турецкая лира
1;27.12.2019;10.4007;Турецкая лира
1;26.12.2019;10.3882;Турецкая лира
1;25.12.2019;10.4525;Турецкая лира
1;24.12.2019;10.4932;Турецкая лира
1;21.12.2019;10.5498;Турецкая лира
1;20.12.2019;10.5277;Турецкая лира
1;19.12.2019;10.6118;Турецкая лира
1;18.12.2019;10.6614;Турецкая лира
1;17.12.2019;10.7414;Турецкая лира
1;14.12.2019;10.8160;Турецкая лира
1;13.12.2019;10.9027;Турецкая лира
1;12.12.2019;10.9448;Турецкая лира
1;11.12.2019;10.9394;Турецкая лира
1;10.12.2019;10.9856;Турецкая лира
1;07.12.2019;11.0707;Турецкая лира
1;06.12.2019;11.1005;Турецкая лира
1;05.12.2019;11.1674;Турецкая лира
1;04.12.2019;11.1523;Турецкая лира
1;03.12.2019;11.2155;Турецкая лира
1;30.11.2019;11.1388;Турецкая лира
1;29.11.2019;11.1168;Турецкая лира
1;28.11.2019;11.1065;Турецкая лира
1;27.11.2019;11.1375;Турецкая лира
1;26.11.2019;11.1308;Турецкая лира
1;23.11.2019;11.1729;Турецкая лира
1;22.11.2019;11.1897;Турецкая лира
1;21.11.2019;11.2210;Турецкая лира
1;20.11.2019;11.1316;Турецкая лира
1;19.11.2019;11.1111;Турецкая лира
1;16.11.2019;11.0759;Турецкая лира
1;15.11.2019;11.1129;Турецкая лира
1;14.11.2019;11.1354;Турецкая лира
1;13.11.2019;11.0474;Турецкая лира
1;12.11.2019;11.0508;Турецкая лира
1;09.11.2019;11.0688;Турецкая лира
1;08.11.2019;11.0890;Турецкая лира
1;07.11.2019;11.0361;Турецкая лира
1;06.11.2019;11.0336;Турецкая лира
1;02.11.2019;11.1781;Турецкая лира
1;01.11.2019;11.1651;Турецкая лира
1;31.10.2019;11.1239;Турецкая лира
1;30.10.2019;11.1239;Турецкая лира
1;29.10.2019;11.1169;Турецкая лира
1;26.10.2019;11.0842;Турецкая лира
1;25.10.2019;11.1129;Турецкая лира
1;24.10.2019;11.0300;Турецкая лира
1;23.10.2019;10.8930;Турецкая лира
1;22.10.2019;10.9451;Турецкая лира
1;19.10.2019;11.0588;Турецкая лира
1;18.10.2019;10.8646;Турецкая лира
1;17.10.2019;10.9171;Турецкая лира
1;16.10.2019;10.8741;Турецкая лира
1;15.10.2019;10.8810;Турецкая лира
1;12.10.2019;11.0095;Турецкая лира
1;11.10.2019;11.0358;Турецкая лира
1;10.10.2019;11.1618;Турецкая лира
1;09.10.2019;11.1546;Турецкая лира
1;08.10.2019;11.2815;Турецкая лира
1;05.10.2019;11.4030;Турецкая лира
1;04.10.2019;11.4287;Турецкая лира
1;03.10.2019;11.3981;Турецкая лира
1;02.10.2019;11.4498;Турецкая лира
1;01.10.2019;11.4307;Турецкая лира
1;28.09.2019;11.3442;Турецкая лира
1;27.09.2019;11.3101;Турецкая лира
1;26.09.2019;11.2546;Турецкая лира
1;25.09.2019;11.1985;Турецкая лира
1;24.09.2019;11.1588;Турецкая лира
1;21.09.2019;11.1856;Турецкая лира
1;20.09.2019;11.2607;Турецкая лира
1;19.09.2019;11.3224;Турецкая лира
1;18.09.2019;11.1934;Турецкая лира
1;17.09.2019;11.1539;Турецкая лира
1;14.09.2019;11.3543;Турецкая лира
1;13.09.2019;11.3356;Турецкая лира
1;12.09.2019;11.3001;Турецкая лира
1;11.09.2019;11.3446;Турецкая лира
1;10.09.2019;11.4229;Турецкая лира
1;07.09.2019;11.5640;Турецкая лира
1;06.09.2019;11.6327;Турецкая лира
1;05.09.2019;11.7504;Турецкая лира
1;04.09.2019;11.5652;Турецкая лира
1;03.09.2019;11.4633;Турецкая лира
1;31.08.2019;11.3784;Турецкая лира
1;30.08.2019;11.4696;Турецкая лира
1;29.08.2019;11.4329;Турецкая лира
1;28.08.2019;11.3410;Турецкая лира
1;27.08.2019;11.3585;Турецкая лира
1;24.08.2019;11.3670;Турецкая лира
1;23.08.2019;11.3380;Турецкая лира
1;22.08.2019;11.5950;Турецкая лира
1;21.08.2019;11.6919;Турецкая лира
1;20.08.2019;11.9160;Турецкая лира
1;17.08.2019;11.9034;Турецкая лира
1;16.08.2019;11.8274;Турецкая лира
1;15.08.2019;11.6572;Турецкая лира
1;14.08.2019;11.7119;Турецкая лира
1;13.08.2019;11.7663;Турецкая лира
1;10.08.2019;11.8659;Турецкая лира
1;09.08.2019;11.8924;Турецкая лира
1;08.08.2019;11.8310;Турецкая лира
1;07.08.2019;11.7712;Турецкая лира
1;06.08.2019;11.6866;Турецкая лира
1;03.08.2019;11.5420;Турецкая лира
1;02.08.2019;11.3916;Турецкая лира
1;01.08.2019;11.4598;Турецкая лира
1;31.07.2019;11.3793;Турецкая лира
1;30.07.2019;11.2756;Турецкая лира
1;27.07.2019;11.1069;Турецкая лира
1;26.07.2019;11.0513;Турецкая лира
1;25.07.2019;11.0235;Турецкая лира
1;24.07.2019;11.0938;Турецкая лира
1;23.07.2019;11.0958;Турецкая лира
1;20.07.2019;11.1434;Турецкая лира
1;19.07.2019;11.0332;Турецкая лира
1;18.07.2019;11.0401;Турецкая лира
1;17.07.2019;10.9772;Турецкая лира
1;16.07.2019;10.9985;Турецкая лира
1;13.07.2019;11.0452;Турецкая лира
1;12.07.2019;11.0707;Турецкая лира
1;11.07.2019;11.1020;Турецкая лира
1;10.07.2019;11.1269;Турецкая лира
1;09.07.2019;11.1312;Турецкая лира
1;06.07.2019;11.3181;Турецкая лира
1;05.07.2019;11.3217;Турецкая лира
1;04.07.2019;11.2343;Турецкая лира
1;03.07.2019;11.1103;Турецкая лира
1;02.07.2019;11.0610;Турецкая лира
1;29.06.2019;10.9495;Турецкая лира
1;28.06.2019;10.9288;Турецкая лира
1;27.06.2019;10.9016;Турецкая лира
1;26.06.2019;10.7516;Турецкая лира
1;25.06.2019;10.9534;Турецкая лира
1;22.06.2019;10.8731;Турецкая лира
1;21.06.2019;11.0474;Турецкая лира
1;20.06.2019;10.9037;Турецкая лира
1;19.06.2019;10.9832;Турецкая лира
1;18.06.2019;10.9387;Турецкая лира
1;15.06.2019;10.8916;Турецкая лира
1;14.06.2019;11.1028;Турецкая лира
1;12.06.2019;11.1478;Турецкая лира
1;11.06.2019;11.1198;Турецкая лира
1;08.06.2019;11.0955;Турецкая лира
1;07.06.2019;11.3136;Турецкая лира
1;06.06.2019;11.3384;Турецкая лира
1;05.06.2019;11.1875;Турецкая лира
1;04.06.2019;11.1735;Турецкая лира
1;01.06.2019;11.1462;Турецкая лира
1;31.05.2019;10.8981;Турецкая лира
1;30.05.2019;10.7418;Турецкая лира
1;29.05.2019;10.6402;Турецкая лира
1;28.05.2019;10.6463;Турецкая лира
1;25.05.2019;10.6205;Турецкая лира
1;24.05.2019;10.5040;Турецкая лира
1;23.05.2019;10.5999;Турецкая лира
1;22.05.2019;10.6360;Турецкая лира
1;21.05.2019;10.6558;Турецкая лира
1;18.05.2019;10.6591;Турецкая лира
1;17.05.2019;10.7480;Турецкая лира
1;16.05.2019;10.7020;Турецкая лира
1;15.05.2019;10.7500;Турецкая лира
1;14.05.2019;10.7596;Турецкая лира
1;09.05.2019;10.5896;Турецкая лира
1;08.05.2019;10.5859;Турецкая лира
1;07.05.2019;10.8944;Турецкая лира
1;01.05.2019;10.8518;Турецкая лира
1;30.04.2019;10.8973;Турецкая лира
1;27.04.2019;10.9176;Турецкая лира
1;26.04.2019;10.9751;Турецкая лира
1;25.04.2019;10.9048;Турецкая лира
1;24.04.2019;10.9337;Турецкая лира
1;23.04.2019;10.9122;Турецкая лира
1;20.04.2019;10.9999;Турецкая лира
1;19.04.2019;10.9686;Турецкая лира
1;18.04.2019;11.1238;Турецкая лира
1;17.04.2019;11.0755;Турецкая лира
1;16.04.2019;11.0814;Турецкая лира
1;13.04.2019;11.1873;Турецкая лира
1;12.04.2019;11.2866;Турецкая лира
1;11.04.2019;11.3626;Турецкая лира
1;10.04.2019;11.4106;Турецкая лира
1;09.04.2019;11.5002;Турецкая лира
1;06.04.2019;11.6422;Турецкая лира
1;05.04.2019;11.5851;Турецкая лира
1;04.04.2019;11.5787;Турецкая лира
1;03.04.2019;11.7467;Турецкая лира
1;02.04.2019;11.5528;Турецкая лира
1;30.03.2019;11.4546;Турецкая лира
1;29.03.2019;11.5986;Турецкая лира
1;28.03.2019;12.1620;Турецкая лира
1;27.03.2019;11.5932;Турецкая лира
1;26.03.2019;11.4288;Турецкая лира
1;23.03.2019;11.5076;Турецкая лира
1;22.03.2019;11.7128;Турецкая лира
1;21.03.2019;11.7416;Турецкая лира
1;20.03.2019;11.7604;Турецкая лира
1;19.03.2019;11.8329;Турецкая лира
1;16.03.2019;11.9556;Турецкая лира
1;15.03.2019;11.9598;Турецкая лира
1;14.03.2019;12.0285;Турецкая лира
1;13.03.2019;12.0956;Турецкая лира
1;12.03.2019;12.1596;Турецкая лира
1;08.03.2019;12.1169;Турецкая лира
1;07.03.2019;12.2230;Турецкая лира
1;06.03.2019;12.2385;Турецкая лира
1;05.03.2019;12.2133;Турецкая лира
1;02.03.2019;12.2933;Турецкая лира
1;01.03.2019;12.3829;Турецкая лира
1;28.02.2019;12.4149;Турецкая лира
1;27.02.2019;12.3682;Турецкая лира
1;26.02.2019;12.2809;Турецкая лира
1;23.02.2019;12.2980;Турецкая лира
1;22.02.2019;12.3020;Турецкая лира
1;21.02.2019;12.4314;Турецкая лира
1;20.02.2019;12.4597;Турецкая лира
1;19.02.2019;12.4646;Турецкая лира
1;16.02.2019;12.6191;Турецкая лира
1;15.02.2019;12.5345;Турецкая лира
1;14.02.2019;12.5094;Турецкая лира
1;13.02.2019;12.4625;Турецкая лира
1;12.02.2019;12.4747;Турецкая лира
1;09.02.2019;12.5702;Турецкая лира
1;08.02.2019;12.5616;Турецкая лира
1;07.02.2019;12.5985;Турецкая лира
1;06.02.2019;12.6208;Турецкая лира
1;05.02.2019;12.5485;Турецкая лира
1;02.02.2019;12.6039;Турецкая лира
1;01.02.2019;12.5391;Турецкая лира
1;31.01.2019;12.5092;Турецкая лира
1;30.01.2019;12.3967;Турецкая лира
1;29.01.2019;12.4922;Турецкая лира
1;26.01.2019;12.4897;Турецкая лира
1;25.01.2019;12.4875;Турецкая лира
1;24.01.2019;12.4698;Турецкая лира
1;23.01.2019;12.4306;Турецкая лира
1;22.01.2019;12.4137;Турецкая лира
1;19.01.2019;12.3722;Турецкая лира
1;18.01.2019;12.3683;Турецкая лира
1;17.01.2019;12.3571;Турецкая лира
1;16.01.2019;12.3233;Турецкая лира
1;15.01.2019;12.1789;Турецкая лира
1;12.01.2019;12.3178;Турецкая лира
1;11.01.2019;12.2500;Турецкая лира
1;10.01.2019;12.1739;Турецкая лира
1;30.12.2018;13.1760;Турецкая лира
1;29.12.2018;13.2033;Турецкая лира
1;28.12.2018;13.0169;Турецкая лира
1;27.12.2018;13.0132;Турецкая лира
1;26.12.2018;12.9707;Турецкая лира
1;25.12.2018;12.9182;Турецкая лира
1;22.12.2018;12.9156;Турецкая лира
1;21.12.2018;12.7546;Турецкая лира
1;20.12.2018;12.5695;Турецкая лира
1;19.12.2018;12.4788;Турецкая лира
1;18.12.2018;12.3555;Турецкая лира
1;15.12.2018;12.3345;Турецкая лира
1;14.12.2018;12.3345;Турецкая лира
1;13.12.2018;12.3620;Турецкая лира
1;12.12.2018;12.3702;Турецкая лира
1;11.12.2018;12.5296;Турецкая лира
1;08.12.2018;12.5488;Турецкая лира
1;07.12.2018;12.4511;Турецкая лира
1;06.12.2018;12.4040;Турецкая лира
1;05.12.2018;12.6488;Турецкая лира
1;04.12.2018;12.7982;Турецкая лира
1;01.12.2018;12.8801;Турецкая лира
1;30.11.2018;12.8747;Турецкая лира
1;29.11.2018;12.7478;Турецкая лира
1;28.11.2018;12.7489;Турецкая лира
1;27.11.2018;12.6859;Турецкая лира
1;24.11.2018;12.4060;Турецкая лира
1;23.11.2018;12.2963;Турецкая лира
1;22.11.2018;12.3073;Турецкая лира
1;21.11.2018;12.3277;Турецкая лира
1;20.11.2018;12.3805;Турецкая лира
1;17.11.2018;12.3280;Турецкая лира
1;16.11.2018;12.2903;Турецкая лира
1;15.11.2018;12.4556;Турецкая лира
1;14.11.2018;12.3741;Турецкая лира
1;13.11.2018;12.2916;Турецкая лира
1;10.11.2018;12.0949;Турецкая лира
1;09.11.2018;12.2404;Турецкая лира
1;08.11.2018;12.3069;Турецкая лира
1;07.11.2018;12.3189;Турецкая лира
1;03.11.2018;12.0112;Турецкая лира
1;02.11.2018;11.6984;Турецкая лира
1;01.11.2018;11.9140;Турецкая лира
1;31.10.2018;11.9375;Турецкая лира
1;30.10.2018;11.8492;Турецкая лира
1;27.10.2018;11.6396;Турецкая лира
1;26.10.2018;11.5351;Турецкая лира
1;25.10.2018;11.4336;Турецкая лира
1;24.10.2018;11.2898;Турецкая лира
1;23.10.2018;11.5440;Турецкая лира
1;20.10.2018;11.6590;Турецкая лира
1;19.10.2018;11.8695;Турецкая лира
1;18.10.2018;11.4963;Турецкая лира
1;17.10.2018;11.3060;Турецкая лира
1;16.10.2018;11.2433;Турецкая лира
1;13.10.2018;11.0808;Турецкая лира
1;12.10.2018;11.1308;Турецкая лира
1;11.10.2018;10.8063;Турецкая лира
1;10.10.2018;10.8396;Турецкая лира
1;09.10.2018;10.8386;Турецкая лира
1;06.10.2018;10.7989;Турецкая лира
1;05.10.2018;10.6824;Турецкая лира
1;04.10.2018;10.8459;Турецкая лира
1;03.10.2018;10.8441;Турецкая лира
1;02.10.2018;10.9493;Турецкая лира
1;29.09.2018;10.9398;Турецкая лира
1;28.09.2018;10.8309;Турецкая лира
1;27.09.2018;10.7261;Турецкая лира
1;26.09.2018;10.7012;Турецкая лира
1;25.09.2018;10.5754;Турецкая лира
1;22.09.2018;10.5594;Турецкая лира
1;21.09.2018;10.7901;Турецкая лира
1;20.09.2018;10.5844;Турецкая лира
1;19.09.2018;10.6805;Турецкая лира
1;18.09.2018;10.9318;Турецкая лира
1;15.09.2018;11.2752;Турецкая лира
1;14.09.2018;10.7769;Турецкая лира
1;13.09.2018;10.8682;Турецкая лира
1;12.09.2018;10.8462;Турецкая лира
1;11.09.2018;10.8248;Турецкая лира
1;08.09.2018;10.6165;Турецкая лира
1;07.09.2018;10.3191;Турецкая лира
1;06.09.2018;10.2103;Турецкая лира
1;05.09.2018;10.2127;Турецкая лира
1;04.09.2018;10.2542;Турецкая лира
1;01.09.2018;10.3626;Турецкая лира
1;31.08.2018;10.3563;Турецкая лира
1;30.08.2018;10.7002;Турецкая лира
1;29.08.2018;10.8452;Турецкая лира
1;28.08.2018;10.9855;Турецкая лира
1;25.08.2018;11.1137;Турецкая лира
1;24.08.2018;11.2718;Турецкая лира
1;23.08.2018;11.1282;Турецкая лира
1;22.08.2018;10.9588;Турецкая лира
1;21.08.2018;10.9954;Турецкая лира
1;18.08.2018;11.4936;Турецкая лира
1;17.08.2018;11.4878;Турецкая лира
1;16.08.2018;10.9286;Турецкая лира
1;15.08.2018;10.2848;Турецкая лира
1;14.08.2018;10.0568;Турецкая лира
1;11.08.2018;11.1895;Турецкая лира
1;10.08.2018;12.2185;Турецкая лира
1;09.08.2018;12.0336;Турецкая лира
1;08.08.2018;12.1193;Турецкая лира
1;07.08.2018;12.3363;Турецкая лира
1;04.08.2018;12.4958;Турецкая лира
1;03.08.2018;12.4836;Турецкая лира
1;02.08.2018;12.6838;Турецкая лира
1;01.08.2018;12.6931;Турецкая лира
1;31.07.2018;12.8514;Турецкая лира
1;28.07.2018;12.9771;Турецкая лира
1;27.07.2018;13.0417;Турецкая лира
1;26.07.2018;12.9575;Турецкая лира
1;25.07.2018;13.2123;Турецкая лира
1;24.07.2018;13.2834;Турецкая лира
1;21.07.2018;13.1662;Турецкая лира
1;20.07.2018;13.0963;Турецкая лира
1;19.07.2018;13.1688;Турецкая лира
1;18.07.2018;12.8825;Турецкая лира
1;17.07.2018;12.8728;Турецкая лира
1;14.07.2018;12.8231;Турецкая лира
1;13.07.2018;12.8890;Турецкая лира
1;12.07.2018;13.1272;Турецкая лира
1;11.07.2018;13.2440;Турецкая лира
1;10.07.2018;13.8178;Турецкая лира
1;07.07.2018;13.7206;Турецкая лира
1;06.07.2018;13.5580;Турецкая лира
1;05.07.2018;13.4248;Турецкая лира
1;04.07.2018;13.5472;Турецкая лира
1;03.07.2018;13.6462;Турецкая лира
1;30.06.2018;13.7690;Турецкая лира
1;29.06.2018;13.6771;Турецкая лира
1;28.06.2018;13.5776;Турецкая лира
1;27.06.2018;13.3589;Турецкая лира
1;26.06.2018;13.6951;Турецкая лира
1;23.06.2018;13.3945;Турецкая лира
1;22.06.2018;13.4111;Турецкая лира
1;21.06.2018;13.3754;Турецкая лира
1;20.06.2018;13.4810;Турецкая лира
1;19.06.2018;13.4619;Турецкая лира
1;16.06.2018;13.2177;Турецкая лира
1;15.06.2018;13.4886;Турецкая лира
1;14.06.2018;13.5449;Турецкая лира
1;10.06.2018;13.9429;Турецкая лира
1;09.06.2018;13.8508;Турецкая лира
1;08.06.2018;13.5625;Турецкая лира
1;07.06.2018;13.4373;Турецкая лира
1;06.06.2018;13.4525;Турецкая лира
1;05.06.2018;13.4069;Турецкая лира
1;02.06.2018;13.5377;Турецкая лира
1;01.06.2018;13.8605;Турецкая лира
1;31.05.2018;13.9193;Турецкая лира
1;30.05.2018;13.6217;Турецкая лира
1;29.05.2018;13.3833;Турецкая лира
1;26.05.2018;13.1243;Турецкая лира
1;25.05.2018;13.1342;Турецкая лира
1;24.05.2018;12.6751;Турецкая лира
1;23.05.2018;13.4468;Турецкая лира
1;22.05.2018;13.7777;Турецкая лира
1;19.05.2018;13.8567;Турецкая лира
1;18.05.2018;13.9119;Турецкая лира
1;17.05.2018;13.9412;Турецкая лира
1;16.05.2018;14.1008;Турецкая лира
1;15.05.2018;14.2966;Турецкая лира
1;12.05.2018;14.5212;Турецкая лира
1;11.05.2018;14.6085;Турецкая лира
1;09.05.2018;14.6824;Турецкая лира
1;08.05.2018;14.7533;Турецкая лира
1;05.05.2018;14.8691;Турецкая лира
1;04.05.2018;15.1276;Турецкая лира
1;29.04.2018;15.3381;Турецкая лира
1;28.04.2018;15.4570;Турецкая лира
1;27.04.2018;15.3626;Турецкая лира
1;26.04.2018;15.1324;Турецкая лира
1;25.04.2018;15.0916;Турецкая лира
1;24.04.2018;15.0916;Турецкая лира
1;21.04.2018;15.2138;Турецкая лира
1;20.04.2018;15.0796;Турецкая лира
1;19.04.2018;15.0142;Турецкая лира
1;18.04.2018;14.8400;Турецкая лира
1;17.04.2018;15.2075;Турецкая лира
1;14.04.2018;15.0530;Турецкая лира
1;13.04.2018;14.9831;Турецкая лира
1;12.04.2018;15.4984;Турецкая лира
1;11.04.2018;15.2736;Турецкая лира
1;10.04.2018;14.4435;Турецкая лира
1;07.04.2018;14.2597;Турецкая лира
1;06.04.2018;14.2920;Турецкая лира
1;05.04.2018;14.4019;Турецкая лира
1;04.04.2018;14.4799;Турецкая лира
1;03.04.2018;14.4703;Турецкая лира
1;31.03.2018;14.4692;Турецкая лира
1;30.03.2018;14.4140;Турецкая лира
1;29.03.2018;14.4062;Турецкая лира
1;28.03.2018;14.3854;Турецкая лира
1;27.03.2018;14.3576;Турецкая лира
1;24.03.2018;14.4261;Турецкая лира
1;23.03.2018;14.5611;Турецкая лира
1;22.03.2018;14.6280;Турецкая лира
1;21.03.2018;14.6436;Турецкая лира
1;20.03.2018;14.5997;Турецкая лира
1;17.03.2018;14.7289;Турецкая лира
1;16.03.2018;14.6360;Турецкая лира
1;15.03.2018;14.7372;Турецкая лира
1;14.03.2018;14.7533;Турецкая лира
1;13.03.2018;14.8433;Турецкая лира
1;08.03.2018;14.9559;Турецкая лира
1;07.03.2018;14.8504;Турецкая лира
1;06.03.2018;14.9496;Турецкая лира
1;03.03.2018;14.8917;Турецкая лира
1;02.03.2018;14.8154;Турецкая лира
1;01.03.2018;14.7933;Турецкая лира
1;28.02.2018;14.7066;Турецкая лира
1;27.02.2018;14.7939;Турецкая лира
1;23.02.2018;14.9414;Турецкая лира
1;22.02.2018;14.9581;Турецкая лира
1;21.02.2018;14.9980;Турецкая лира
1;20.02.2018;15.0294;Турецкая лира
1;17.02.2018;14.9949;Турецкая лира
1;16.02.2018;14.9948;Турецкая лира
1;15.02.2018;15.1512;Турецкая лира
1;14.02.2018;15.1975;Турецкая лира
1;13.02.2018;15.2204;Турецкая лира
1;10.02.2018;15.2402;Турецкая лира
1;09.02.2018;15.1446;Турецкая лира
1;08.02.2018;15.0910;Турецкая лира
1;07.02.2018;15.1135;Турецкая лира
1;06.02.2018;15.0286;Турецкая лира
1;03.02.2018;14.9762;Турецкая лира
1;02.02.2018;14.9679;Турецкая лира
1;01.02.2018;14.9557;Турецкая лира
1;31.01.2018;14.8467;Турецкая лира
1;30.01.2018;14.8878;Турецкая лира
1;27.01.2018;14.9391;Турецкая лира
1;26.01.2018;14.9255;Турецкая лира
1;25.01.2018;15.0330;Турецкая лира
1;24.01.2018;14.8545;Турецкая лира
1;23.01.2018;14.8637;Турецкая лира
1;20.01.2018;14.9790;Турецкая лира
1;19.01.2018;14.9399;Турецкая лира
1;18.01.2018;14.8315;Турецкая лира
1;17.01.2018;14.7747;Турецкая лира
1;16.01.2018;14.9993;Турецкая лира
1;13.01.2018;15.0193;Турецкая лира
1;12.01.2018;15.0301;Турецкая лира
1;11.01.2018;15.0399;Турецкая лира
1;10.01.2018;15.1921;Турецкая лира
1;30.12.2017;15.2390;Турецкая лира
1;29.12.2017;15.1174;Турецкая лира
1;28.12.2017;15.0227;Турецкая лира
1;27.12.2017;15.1733;Турецкая лира
1;26.12.2017;15.2801;Турецкая лира
1;23.12.2017;15.2714;Турецкая лира
1;22.12.2017;15.2997;Турецкая лира
1;21.12.2017;15.3248;Турецкая лира
1;20.12.2017;15.2933;Турецкая лира
1;19.12.2017;15.2092;Турецкая лира
1;16.12.2017;15.2390;Турецкая лира
1;15.12.2017;15.3566;Турецкая лира
1;14.12.2017;15.4151;Турецкая лира
1;13.12.2017;15.3445;Турецкая лира
1;12.12.2017;15.4797;Турецкая лира
1;09.12.2017;15.3498;Турецкая лира
1;08.12.2017;15.3320;Турецкая лира
1;07.12.2017;15.3100;Турецкая лира
1;06.12.2017;15.2092;Турецкая лира
1;05.12.2017;15.0177;Турецкая лира
1;02.12.2017;14.8655;Турецкая лира
1;01.12.2017;14.8657;Турецкая лира
1;30.11.2017;14.7711;Турецкая лира
1;29.11.2017;14.9358;Турецкая лира
1;28.11.2017;14.8062;Турецкая лира
1;25.11.2017;14.8728;Турецкая лира
1;24.11.2017;14.9291;Турецкая лира
1;23.11.2017;14.9175;Турецкая лира
1;22.11.2017;15.0285;Турецкая лира
1;21.11.2017;15.2244;Турецкая лира
1;18.11.2017;15.3399;Турецкая лира
1;17.11.2017;15.4733;Турецкая лира
1;16.11.2017;15.5069;Турецкая лира
1;15.11.2017;15.3618;Турецкая лира
1;14.11.2017;15.3084;Турецкая лира
1;11.11.2017;15.2999;Турецкая лира
1;10.11.2017;15.3504;Турецкая лира
1;09.11.2017;15.2977;Турецкая лира
1;08.11.2017;15.1695;Турецкая лира
1;04.11.2017;15.2570;Турецкая лира
1;03.11.2017;15.2351;Турецкая лира
1;02.11.2017;15.2688;Турецкая лира
1;01.11.2017;15.4012;Турецкая лира
1;31.10.2017;15.3274;Турецкая лира
1;28.10.2017;15.1654;Турецкая лира
1;27.10.2017;15.2953;Турецкая лира
1;26.10.2017;15.4217;Турецкая лира
1;25.10.2017;15.5011;Турецкая лира
1;24.10.2017;15.5054;Турецкая лира
1;21.10.2017;15.6712;Турецкая лира
1;20.10.2017;15.6954;Турецкая лира
1;19.10.2017;15.5842;Турецкая лира
1;18.10.2017;15.6836;Турецкая лира
1;17.10.2017;15.6834;Турецкая лира
1;14.10.2017;15.7927;Турецкая лира
1;13.10.2017;15.8611;Турецкая лира
1;12.10.2017;15.7531;Турецкая лира
1;11.10.2017;15.7546;Турецкая лира
1;10.10.2017;15.7523;Турецкая лира
1;07.10.2017;16.0225;Турецкая лира
1;06.10.2017;16.1188;Турецкая лира
1;05.10.2017;16.1948;Турецкая лира
1;04.10.2017;16.1688;Турецкая лира
1;03.10.2017;16.1305;Турецкая лира
1;30.09.2017;16.3276;Турецкая лира
1;29.09.2017;16.3359;Турецкая лира
1;28.09.2017;16.2662;Турецкая лира
1;27.09.2017;16.2491;Турецкая лира
1;26.09.2017;16.3238;Турецкая лира
1;23.09.2017;16.5222;Турецкая лира
1;22.09.2017;16.5772;Турецкая лира
1;21.09.2017;16.6774;Турецкая лира
1;20.09.2017;16.6093;Турецкая лира
1;19.09.2017;16.6496;Турецкая лира
1;16.09.2017;16.7546;Турецкая лира
1;15.09.2017;16.7204;Турецкая лира
1;14.09.2017;16.8128;Турецкая лира
1;13.09.2017;16.6858;Турецкая лира
1;12.09.2017;16.8220;Турецкая лира
1;09.09.2017;16.7194;Турецкая лира
1;08.09.2017;16.6694;Турецкая лира
1;07.09.2017;16.6585;Турецкая лира
1;06.09.2017;16.7828;Турецкая лира
1;05.09.2017;16.8034;Турецкая лира
1;02.09.2017;16.8541;Турецкая лира
1;01.09.2017;16.9128;Турецкая лира
1;31.08.2017;17.0426;Турецкая лира
1;30.08.2017;16.9904;Турецкая лира
1;29.08.2017;16.9819;Турецкая лира
1;26.08.2017;16.9857;Турецкая лира
1;25.08.2017;16.9937;Турецкая лира
1;24.08.2017;16.8985;Турецкая лира
1;23.08.2017;16.8506;Турецкая лира
1;22.08.2017;16.8081;Турецкая лира
1;19.08.2017;16.8157;Турецкая лира
1;18.08.2017;16.8211;Турецкая лира
1;17.08.2017;16.8819;Турецкая лира
1;16.08.2017;16.9730;Турецкая лира
1;15.08.2017;16.9330;Турецкая лира
1;12.08.2017;16.9733;Турецкая лира
1;11.08.2017;16.9413;Турецкая лира
1;10.08.2017;16.9267;Турецкая лира
1;09.08.2017;16.9886;Турецкая лира
1;08.08.2017;17.0066;Турецкая лира
1;05.08.2017;17.0708;Турецкая лира
1;04.08.2017;17.1374;Турецкая лира
1;03.08.2017;17.1436;Турецкая лира
1;02.08.2017;17.0112;Турецкая лира
1;01.08.2017;17.0291;Турецкая лира
1;29.07.2017;16.8631;Турецкая лира
1;28.07.2017;16.8158;Турецкая лира
1;27.07.2017;16.8193;Турецкая лира
1;26.07.2017;16.8015;Турецкая лира
1;25.07.2017;16.8395;Турецкая лира
1;22.07.2017;16.6655;Турецкая лира
1;21.07.2017;16.7268;Турецкая лира
1;20.07.2017;16.7506;Турецкая лира
1;19.07.2017;16.8093;Турецкая лира
1;18.07.2017;16.6805;Турецкая лира
1;15.07.2017;16.7930;Турецкая лира
1;14.07.2017;16.8317;Турецкая лира
1;13.07.2017;16.7883;Турецкая лира
1;12.07.2017;16.6840;Турецкая лира
1;11.07.2017;16.7272;Турецкая лира
1;08.07.2017;16.6009;Турецкая лира
1;07.07.2017;16.6416;Турецкая лира
1;06.07.2017;16.6203;Турецкая лира
1;05.07.2017;16.6938;Турецкая лира
1;04.07.2017;16.7218;Турецкая лира
1;01.07.2017;16.8711;Турецкая лира
1;30.06.2017;16.8287;Турецкая лира
1;29.06.2017;16.9152;Турецкая лира
1;28.06.2017;16.8515;Турецкая лира
1;27.06.2017;16.8865;Турецкая лира
1;24.06.2017;17.0272;Турецкая лира
1;23.06.2017;17.0779;Турецкая лира
1;22.06.2017;16.9219;Турецкая лира
1;21.06.2017;16.6416;Турецкая лира
1;20.06.2017;16.5289;Турецкая лира
1;17.06.2017;16.4106;Турецкая лира
1;16.06.2017;16.4125;Турецкая лира
1;15.06.2017;16.2064;Турецкая лира
1;14.06.2017;16.1533;Турецкая лира
1;10.06.2017;16.1442;Турецкая лира
1;09.06.2017;16.0772;Турецкая лира
1;08.06.2017;16.0843;Турецкая лира
1;07.06.2017;16.0211;Турецкая лира
1;06.06.2017;16.1564;Турецкая лира
1;03.06.2017;16.0388;Турецкая лира
1;02.06.2017;16.0008;Турецкая лира
1;01.06.2017;16.0139;Турецкая лира
1;31.05.2017;15.8124;Турецкая лира
1;30.05.2017;15.8379;Турецкая лира
1;27.05.2017;15.8816;Турецкая лира
1;26.05.2017;15.7505;Турецкая лира
1;25.05.2017;15.7941;Турецкая лира
1;24.05.2017;15.8285;Турецкая лира
1;23.05.2017;15.8260;Турецкая лира
1;20.05.2017;15.8871;Турецкая лира
1;19.05.2017;15.8858;Турецкая лира
1;18.05.2017;15.9261;Турецкая лира
1;17.05.2017;15.8636;Турецкая лира
1;16.05.2017;15.8682;Турецкая лира
1;13.05.2017;15.9253;Турецкая лира
1;12.05.2017;15.9873;Турецкая лира
1;11.05.2017;16.0955;Турецкая лира
1;06.05.2017;16.4028;Турецкая лира
1;05.05.2017;16.2562;Турецкая лира
1;04.05.2017;16.1493;Турецкая лира
1;03.05.2017;16.1231;Турецкая лира
1;29.04.2017;16.0238;Турецкая лира
1;28.04.2017;16.0066;Турецкая лира
1;27.04.2017;15.6892;Турецкая лира
1;26.04.2017;15.5640;Турецкая лира
1;25.04.2017;15.5724;Турецкая лира
1;22.04.2017;15.4264;Турецкая лира
1;21.04.2017;15.4506;Турецкая лира
1;20.04.2017;15.2933;Турецкая лира
1;19.04.2017;15.1496;Турецкая лира
1;18.04.2017;15.3417;Турецкая лира
1;15.04.2017;15.3045;Турецкая лира
1;14.04.2017;15.5316;Турецкая лира
1;13.04.2017;15.4051;Турецкая лира
1;12.04.2017;15.2966;Турецкая лира
1;11.04.2017;15.3728;Турецкая лира
1;08.04.2017;15.2896;Турецкая лира
1;07.04.2017;15.1998;Турецкая лира
1;06.04.2017;15.2179;Турецкая лира
1;05.04.2017;15.5159;Турецкая лира
1;04.04.2017;15.4200;Турецкая лира
1;01.04.2017;15.3599;Турецкая лира
1;31.03.2017;15.4859;Турецкая лира
1;30.03.2017;15.6376;Турецкая лира
1;29.03.2017;15.7413;Турецкая лира
1;28.03.2017;15.8464;Турецкая лира
1;25.03.2017;15.8282;Турецкая лира
1;24.03.2017;15.8920;Турецкая лира
1;23.03.2017;15.8755;Турецкая лира
1;22.03.2017;15.8065;Турецкая лира
1;21.03.2017;15.7887;Турецкая лира
1;18.03.2017;16.0728;Турецкая лира
1;17.03.2017;15.8151;Турецкая лира
1;16.03.2017;15.8501;Турецкая лира
1;15.03.2017;15.6788;Турецкая лира
1;14.03.2017;15.8067;Турецкая лира
1;11.03.2017;15.7476;Турецкая лира
1;10.03.2017;15.6243;Турецкая лира
1;08.03.2017;15.7834;Турецкая лира
1;07.03.2017;15.7086;Турецкая лира
1;04.03.2017;15.8126;Турецкая лира
1;03.03.2017;15.8121;Турецкая лира
1;02.03.2017;16.0427;Турецкая лира
1;01.03.2017;16.0570;Турецкая лира
1;28.02.2017;16.1502;Турецкая лира
1;23.02.2017;15.9117;Турецкая лира
1;22.02.2017;15.9712;Турецкая лира
1;21.02.2017;16.0537;Турецкая лира
1;18.02.2017;15.7016;Турецкая лира
1;17.02.2017;15.5741;Турецкая лира
1;16.02.2017;15.5915;Турецкая лира
1;15.02.2017;15.7843;Турецкая лира
1;14.02.2017;15.7678;Турецкая лира
1;11.02.2017;15.9668;Турецкая лира
1;10.02.2017;15.8909;Турецкая лира
1;09.02.2017;15.8549;Турецкая лира
1;08.02.2017;15.9697;Турецкая лира
1;07.02.2017;15.9565;Турецкая лира
1;04.02.2017;15.8115;Турецкая лира
1;03.02.2017;16.0906;Турецкая лира
1;02.02.2017;15.9213;Турецкая лира
1;01.02.2017;15.8808;Турецкая лира
1;31.01.2017;15.5759;Турецкая лира
1;28.01.2017;15.5279;Турецкая лира
1;27.01.2017;15.6135;Турецкая лира
1;26.01.2017;15.5585;Турецкая лира
1;25.01.2017;15.7617;Турецкая лира
1;24.01.2017;15.7658;Турецкая лира
1;21.01.2017;15.6277;Турецкая лира
1;20.01.2017;15.6264;Турецкая лира
1;19.01.2017;15.6527;Турецкая лира
1;18.01.2017;15.7276;Турецкая лира
1;17.01.2017;15.8697;Турецкая лира
1;14.01.2017;15.6253;Турецкая лира
1;13.01.2017;15.4032;Турецкая лира
1;12.01.2017;15.5972;Турецкая лира
1;11.01.2017;15.9344;Турецкая лира
1;10.01.2017;16.2642;Турецкая лира
1;31.12.2016;17.2023;Турецкая лира
1;30.12.2016;17.0494;Турецкая лира
1;29.12.2016;17.1458;Турецкая лира
1;28.12.2016;17.3189;Турецкая лира
1;27.12.2016;17.3538;Турецкая лира
1;24.12.2016;17.3241;Турецкая лира
1;23.12.2016;17.3219;Турецкая лира
1;22.12.2016;17.4200;Турецкая лира
1;21.12.2016;17.5749;Турецкая лира
1;20.12.2016;17.6250;Турецкая лира
1;17.12.2016;17.6736;Турецкая лира
1;16.12.2016;17.4812;Турецкая лира
1;15.12.2016;17.4440;Турецкая лира
1;14.12.2016;17.5956;Турецкая лира
1;13.12.2016;17.4696;Турецкая лира
1;10.12.2016;18.2745;Турецкая лира
1;09.12.2016;18.8476;Турецкая лира
1;08.12.2016;18.5304;Турецкая лира
1;07.12.2016;18.1424;Турецкая лира
1;06.12.2016;18.0419;Турецкая лира
1;03.12.2016;18.3851;Турецкая лира
1;02.12.2016;18.4753;Турецкая лира
1;01.12.2016;19.0895;Турецкая лира
1;30.11.2016;19.0008;Турецкая лира
1;29.11.2016;18.9994;Турецкая лира
1;26.11.2016;18.7503;Турецкая лира
1;25.11.2016;18.9120;Турецкая лира
1;24.11.2016;18.8555;Турецкая лира
1;23.11.2016;18.9223;Турецкая лира
1;22.11.2016;19.0341;Турецкая лира
1;19.11.2016;19.1940;Турецкая лира
1;18.11.2016;19.5811;Турецкая лира
1;17.11.2016;19.4763;Турецкая лира
1;16.11.2016;20.0621;Турецкая лира
1;15.11.2016;20.0729;Турецкая лира
1;12.11.2016;19.9415;Турецкая лира
1;11.11.2016;19.8498;Турецкая лира
1;10.11.2016;20.0656;Турецкая лира
1;09.11.2016;20.0177;Турецкая лира
1;08.11.2016;20.2623;Турецкая лира
1;04.11.2016;20.3814;Турецкая лира
1;03.11.2016;20.3807;Турецкая лира
1;02.11.2016;20.3688;Турецкая лира
1;01.11.2016;20.3415;Турецкая лира
1;29.10.2016;20.1221;Турецкая лира
1;28.10.2016;20.3473;Турецкая лира
1;27.10.2016;20.2332;Турецкая лира
1;26.10.2016;20.1265;Турецкая лира
1;25.10.2016;20.2383;Турецкая лира
1;22.10.2016;20.3063;Турецкая лира
1;21.10.2016;20.3387;Турецкая лира
1;20.10.2016;20.3017;Турецкая лира
1;19.10.2016;20.3278;Турецкая лира
1;18.10.2016;20.3641;Турецкая лира
1;15.10.2016;20.3631;Турецкая лира
1;14.10.2016;20.3798;Турецкая лира
1;13.10.2016;20.3212;Турецкая лира
1;12.10.2016;20.1656;Турецкая лира
1;11.10.2016;20.3977;Турецкая лира
1;08.10.2016;20.4139;Турецкая лира
1;07.10.2016;20.4336;Турецкая лира
1;06.10.2016;20.4600;Турецкая лира
1;05.10.2016;20.6224;Турецкая лира
1;04.10.2016;20.8312;Турецкая лира
1;01.10.2016;21.0968;Турецкая лира
1;30.09.2016;21.0745;Турецкая лира
1;29.09.2016;21.4896;Турецкая лира
1;28.09.2016;21.4314;Турецкая лира
1;27.09.2016;21.4802;Турецкая лира
1;24.09.2016;21.6327;Турецкая лира
1;23.09.2016;21.6435;Турецкая лира
1;22.09.2016;21.6540;Турецкая лира
1;21.09.2016;21.7454;Турецкая лира
1;20.09.2016;21.8246;Турецкая лира
1;17.09.2016;21.8946;Турецкая лира
1;16.09.2016;21.8614;Турецкая лира
1;15.09.2016;21.8025;Турецкая лира
1;14.09.2016;21.8150;Турецкая лира
1;13.09.2016;21.7921;Турецкая лира
1;10.09.2016;21.6580;Турецкая лира
1;09.09.2016;21.7884;Турецкая лира
1;08.09.2016;21.9601;Турецкая лира
1;07.09.2016;22.0250;Турецкая лира
1;06.09.2016;21.9891;Турецкая лира
1;03.09.2016;22.2296;Турецкая лира
1;02.09.2016;22.0693;Турецкая лира
1;01.09.2016;22.0787;Турецкая лира
1;31.08.2016;21.9526;Турецкая лира
1;30.08.2016;22.0017;Турецкая лира
1;27.08.2016;22.0505;Турецкая лира
1;26.08.2016;22.0717;Турецкая лира
1;25.08.2016;21.9865;Турецкая лира
1;24.08.2016;22.0428;Турецкая лира
1;23.08.2016;21.7853;Турецкая лира
1;20.08.2016;21.7458;Турецкая лира
1;19.08.2016;21.7387;Турецкая лира
1;18.08.2016;21.8262;Турецкая лира
1;17.08.2016;21.7848;Турецкая лира
1;16.08.2016;21.7189;Турецкая лира
1;13.08.2016;21.7581;Турецкая лира
1;12.08.2016;21.8826;Турецкая лира
1;11.08.2016;21.8699;Турецкая лира
1;10.08.2016;21.7129;Турецкая лира
1;09.08.2016;21.7782;Турецкая лира
1;06.08.2016;21.8121;Турецкая лира
1;05.08.2016;21.9863;Турецкая лира
1;04.08.2016;22.1712;Турецкая лира
1;03.08.2016;22.3043;Турецкая лира
1;02.08.2016;22.1669;Турецкая лира
1;30.07.2016;22.2436;Турецкая лира
1;29.07.2016;21.9206;Турецкая лира
1;28.07.2016;21.7087;Турецкая лира
1;27.07.2016;21.6260;Турецкая лира
1;26.07.2016;21.4316;Турецкая лира
1;23.07.2016;21.0690;Турецкая лира
1;22.07.2016;20.6939;Турецкая лира
1;21.07.2016;20.9377;Турецкая лира
1;20.07.2016;21.1196;Турецкая лира
1;19.07.2016;21.3849;Турецкая лира
1;16.07.2016;21.8732;Турецкая лира
1;15.07.2016;21.9194;Турецкая лира
1;14.07.2016;21.9971;Турецкая лира
1;13.07.2016;22.1056;Турецкая лира
1;12.07.2016;22.1388;Турецкая лира
1;09.07.2016;21.9571;Турецкая лира
1;08.07.2016;21.8870;Турецкая лира
1;07.07.2016;21.9607;Турецкая лира
1;06.07.2016;22.0533;Турецкая лира
1;05.07.2016;21.9647;Турецкая лира
1;02.07.2016;22.1510;Турецкая лира
1;01.07.2016;22.2368;Турецкая лира
1;30.06.2016;22.1807;Турецкая лира
1;29.06.2016;22.2148;Турецкая лира
1;28.06.2016;22.1870;Турецкая лира
1;25.06.2016;22.4590;Турецкая лира
1;24.06.2016;22.2388;Турецкая лира
1;23.06.2016;21.8888;Турецкая лира
1;22.06.2016;22.1558;Турецкая лира
1;21.06.2016;22.0806;Турецкая лира
1;18.06.2016;22.3268;Турецкая лира
1;17.06.2016;22.4907;Турецкая лира
1;16.06.2016;22.4822;Турецкая лира
1;15.06.2016;22.5030;Турецкая лира
1;11.06.2016;22.2417;Турецкая лира
1;10.06.2016;21.9968;Турецкая лира
1;09.06.2016;22.3396;Турецкая лира
1;08.06.2016;22.5052;Турецкая лира
1;07.06.2016;22.6213;Турецкая лира
1;04.06.2016;22.6620;Турецкая лира
1;03.06.2016;22.7053;Турецкая лира
1;02.06.2016;22.5938;Турецкая лира
1;01.06.2016;22.3156;Турецкая лира
1;31.05.2016;22.3252;Турецкая лира
1;28.05.2016;22.4401;Турецкая лира
1;27.05.2016;22.1865;Турецкая лира
1;26.05.2016;22.3691;Турецкая лира
1;25.05.2016;22.2992;Турецкая лира
1;24.05.2016;22.4946;Турецкая лира
1;21.05.2016;22.2968;Турецкая лира
1;20.05.2016;22.1308;Турецкая лира
1;19.05.2016;21.8255;Турецкая лира
1;18.05.2016;21.7798;Турецкая лира
1;17.05.2016;21.8748;Турецкая лира
1;14.05.2016;21.9345;Турецкая лира
1;13.05.2016;22.0617;Турецкая лира
1;12.05.2016;22.2957;Турецкая лира
1;11.05.2016;22.5604;Турецкая лира
1;07.05.2016;22.6061;Турецкая лира
1;06.05.2016;22.5850;Турецкая лира
1;05.05.2016;23.1313;Турецкая лира
1;30.04.2016;22.9361;Турецкая лира
1;29.04.2016;23.0857;Турецкая лира
1;28.04.2016;23.1046;Турецкая лира
1;27.04.2016;23.4033;Турецкая лира
1;26.04.2016;23.3812;Турецкая лира
1;23.04.2016;23.4133;Турецкая лира
1;22.04.2016;23.0235;Турецкая лира
1;21.04.2016;23.2933;Турецкая лира
1;20.04.2016;23.1414;Турецкая лира
1;19.04.2016;23.8932;Турецкая лира
1;16.04.2016;23.0976;Турецкая лира
1;15.04.2016;23.2420;Турецкая лира
1;14.04.2016;23.0953;Турецкая лира
1;13.04.2016;23.4619;Турецкая лира
1;12.04.2016;23.6256;Турецкая лира
1;09.04.2016;23.6226;Турецкая лира
1;08.04.2016;23.8550;Турецкая лира
1;07.04.2016;24.0384;Турецкая лира
1;06.04.2016;24.3617;Турецкая лира
1;05.04.2016;24.3348;Турецкая лира
1;02.04.2016;23.7575;Турецкая лира
1;01.04.2016;23.9771;Турецкая лира
1;31.03.2016;23.8727;Турецкая лира
1;30.03.2016;23.9239;Турецкая лира
1;29.03.2016;23.5497;Турецкая лира
1;26.03.2016;23.7868;Турецкая лира
1;25.03.2016;23.9491;Турецкая лира
1;24.03.2016;23.5600;Турецкая лира
1;23.03.2016;23.5302;Турецкая лира
1;22.03.2016;23.9518;Турецкая лира
1;19.03.2016;23.9136;Турецкая лира
1;18.03.2016;24.0291;Турецкая лира
1;17.03.2016;24.3923;Турецкая лира
1;16.03.2016;24.4942;Турецкая лира
1;15.03.2016;24.3693;Турецкая лира
1;12.03.2016;24.4511;Турецкая лира
1;11.03.2016;24.6209;Турецкая лира
1;10.03.2016;24.8652;Турецкая лира
1;05.03.2016;25.0729;Турецкая лира
1;04.03.2016;25.2313;Турецкая лира
1;03.03.2016;25.0248;Турецкая лира
1;02.03.2016;25.1148;Турецкая лира
1;01.03.2016;25.6226;Турецкая лира
1;27.02.2016;25.6658;Турецкая лира
1;26.02.2016;26.0309;Турецкая лира
1;25.02.2016;25.9725;Турецкая лира
1;21.02.2016;26.1325;Турецкая лира
1;20.02.2016;25.6847;Турецкая лира
1;19.02.2016;25.4881;Турецкая лира
1;18.02.2016;26.1611;Турецкая лира
1;17.02.2016;25.7706;Турецкая лира
1;16.02.2016;26.4375;Турецкая лира
1;13.02.2016;27.1871;Турецкая лира
1;12.02.2016;26.9142;Турецкая лира
1;11.02.2016;27.0035;Турецкая лира
1;10.02.2016;26.6271;Турецкая лира
1;09.02.2016;26.3567;Турецкая лира
1;06.02.2016;26.5048;Турецкая лира
1;05.02.2016;26.2230;Турецкая лира
1;04.02.2016;26.7831;Турецкая лира
1;03.02.2016;26.4160;Турецкая лира
1;02.02.2016;25.6585;Турецкая лира
1;30.01.2016;25.3464;Турецкая лира
1;29.01.2016;25.9074;Турецкая лира
1;28.01.2016;26.2361;Турецкая лира
1;27.01.2016;27.0008;Турецкая лира
1;26.01.2016;25.8340;Турецкая лира
1;23.01.2016;26.7421;Турецкая лира
1;22.01.2016;27.4881;Турецкая лира
1;21.01.2016;26.0478;Турецкая лира
1;20.01.2016;25.9159;Турецкая лира
1;19.01.2016;25.8997;Турецкая лира
1;16.01.2016;25.2215;Турецкая лира
1;15.01.2016;25.2676;Турецкая лира
1;14.01.2016;25.3306;Турецкая лира
1;13.01.2016;25.1904;Турецкая лира
1;12.01.2016;25.1135;Турецкая лира
1;01.01.2016;24.9863;Турецкая лира
1;31.12.2015;25.0758;Турецкая лира
1;30.12.2015;24.9369;Турецкая лира
1;29.12.2015;24.2237;Турецкая лира
1;26.12.2015;24.0837;Турецкая лира
1;25.12.2015;23.7972;Турецкая лира
1;24.12.2015;24.2300;Турецкая лира
1;23.12.2015;24.3933;Турецкая лира
1;22.12.2015;24.4981;Турецкая лира
1;19.12.2015;24.3169;Турецкая лира
1;18.12.2015;24.0152;Турецкая лира
1;17.12.2015;23.7762;Турецкая лира
1;16.12.2015;23.7723;Турецкая лира
1;15.12.2015;23.7718;Турецкая лира
1;12.12.2015;23.6684;Турецкая лира
1;11.12.2015;23.7567;Турецкая лира
1;10.12.2015;23.8112;Турецкая лира
1;09.12.2015;23.8031;Турецкая лира
1;08.12.2015;23.7382;Турецкая лира
1;05.12.2015;23.4842;Турецкая лира
1;04.12.2015;23.5130;Турецкая лира
1;03.12.2015;23.1962;Турецкая лира
1;02.12.2015;22.8540;Турецкая лира
1;01.12.2015;22.8786;Турецкая лира
1;28.11.2015;22.5988;Турецкая лира
1;27.11.2015;22.6800;Турецкая лира
1;26.11.2015;22.7121;Турецкая лира
1;25.11.2015;22.9540;Турецкая лира
1;24.11.2015;23.0652;Турецкая лира
1;21.11.2015;22.8045;Турецкая лира
1;20.11.2015;22.7442;Турецкая лира
1;19.11.2015;22.5709;Турецкая лира
1;18.11.2015;22.7471;Турецкая лира
1;17.11.2015;23.0806;Турецкая лира
1;14.11.2015;23.1868;Турецкая лира
1;13.11.2015;22.7200;Турецкая лира
1;12.11.2015;22.2814;Турецкая лира
1;11.11.2015;22.1312;Турецкая лира
1;10.11.2015;22.1653;Турецкая лира
1;07.11.2015;22.1599;Турецкая лира
1;06.11.2015;22.0734;Турецкая лира
1;04.11.2015;22.5883;Турецкая лира
1;03.11.2015;22.7044;Турецкая лира
1;31.10.2015;22.0361;Турецкая лира
1;30.10.2015;21.9170;Турецкая лира
1;29.10.2015;22.5111;Турецкая лира
1;28.10.2015;21.9209;Турецкая лира
1;27.10.2015;21.5858;Турецкая лира
1;24.10.2015;21.5952;Турецкая лира
1;23.10.2015;21.7533;Турецкая лира
1;22.10.2015;21.5337;Турецкая лира
1;21.10.2015;21.4248;Турецкая лира
1;20.10.2015;21.2889;Турецкая лира
1;17.10.2015;21.1801;Турецкая лира
1;16.10.2015;21.5003;Турецкая лира
1;15.10.2015;21.4382;Турецкая лира
1;14.10.2015;21.1107;Турецкая лира
1;13.10.2015;20.9215;Турецкая лира
1;10.10.2015;21.0895;Турецкая лира
1;09.10.2015;21.1856;Турецкая лира
1;08.10.2015;21.3453;Турецкая лира
1;07.10.2015;21.7488;Турецкая лира
1;06.10.2015;21.8910;Турецкая лира
1;03.10.2015;21.7679;Турецкая лира
1;02.10.2015;21.5307;Турецкая лира
1;01.10.2015;21.7196;Турецкая лира
1;30.09.2015;21.7419;Турецкая лира
1;29.09.2015;21.5438;Турецкая лира
1;26.09.2015;21.6956;Турецкая лира
1;25.09.2015;21.7832;Турецкая лира
1;24.09.2015;21.8072;Турецкая лира
1;23.09.2015;22.0333;Турецкая лира
1;22.09.2015;22.0067;Турецкая лира
1;19.09.2015;21.9151;Турецкая лира
1;18.09.2015;21.6754;Турецкая лира
1;17.09.2015;21.8324;Турецкая лира
1;16.09.2015;22.0369;Турецкая лира
1;15.09.2015;22.2082;Турецкая лира
1;12.09.2015;22.3803;Турецкая лира
1;11.09.2015;22.5072;Турецкая лира
1;10.09.2015;22.5114;Турецкая лира
1;09.09.2015;22.7875;Турецкая лира
1;08.09.2015;22.6401;Турецкая лира
1;05.09.2015;22.7413;Турецкая лира
1;04.09.2015;22.6424;Турецкая лира
1;03.09.2015;22.6218;Турецкая лира
1;02.09.2015;22.4137;Турецкая лира
1;01.09.2015;22.8289;Турецкая лира
1;29.08.2015;22.8055;Турецкая лира
1;28.08.2015;23.2113;Турецкая лира
1;27.08.2015;23.5963;Турецкая лира
1;26.08.2015;23.8642;Турецкая лира
1;25.08.2015;24.0307;Турецкая лира
1;22.08.2015;23.4175;Турецкая лира
1;21.08.2015;22.4776;Турецкая лира
1;20.08.2015;22.7169;Турецкая лира
1;19.08.2015;22.9169;Турецкая лира
1;18.08.2015;23.0111;Турецкая лира
1;15.08.2015;22.9271;Турецкая лира
1;14.08.2015;22.9617;Турецкая лира
1;13.08.2015;23.4160;Турецкая лира
1;12.08.2015;22.8277;Турецкая лира
1;11.08.2015;23.1299;Турецкая лира
1;08.08.2015;22.9541;Турецкая лира
1;07.08.2015;22.9061;Турецкая лира
1;06.08.2015;22.5007;Турецкая лира
1;05.08.2015;22.7019;Турецкая лира
1;04.08.2015;22.4922;Турецкая лира
1;01.08.2015;21.6223;Турецкая лира
1;31.07.2015;21.3270;Турецкая лира
1;30.07.2015;21.5958;Турецкая лира
1;29.07.2015;21.7805;Турецкая лира
1;28.07.2015;21.3899;Турецкая лира
1;25.07.2015;21.2420;Турецкая лира
1;24.07.2015;21.0657;Турецкая лира
1;23.07.2015;21.1275;Турецкая лира
1;22.07.2015;21.2371;Турецкая лира
1;21.07.2015;21.2732;Турецкая лира
1;18.07.2015;21.4629;Турецкая лира
1;17.07.2015;21.5029;Турецкая лира
1;16.07.2015;21.4637;Турецкая лира
1;15.07.2015;21.5717;Турецкая лира
1;14.07.2015;21.2932;Турецкая лира
1;11.07.2015;21.2520;Турецкая лира
1;10.07.2015;21.2867;Турецкая лира
1;09.07.2015;21.2113;Турецкая лира
1;08.07.2015;21.3147;Турецкая лира
1;07.07.2015;20.9450;Турецкая лира
1;04.07.2015;20.6502;Турецкая лира
1;03.07.2015;20.6070;Турецкая лира
1;02.07.2015;20.6906;Турецкая лира
1;01.07.2015;20.7743;Турецкая лира
1;30.06.2015;20.6409;Турецкая лира
1;27.06.2015;20.6039;Турецкая лира
1;26.06.2015;20.4634;Турецкая лира
1;25.06.2015;20.1952;Турецкая лира
1;24.06.2015;20.2571;Турецкая лира
1;23.06.2015;19.9259;Турецкая лира
1;20.06.2015;19.7709;Турецкая лира
1;19.06.2015;19.6776;Турецкая лира
1;18.06.2015;19.6801;Турецкая лира
1;17.06.2015;19.6921;Турецкая лира
1;16.06.2015;20.2025;Турецкая лира
1;12.06.2015;19.8560;Турецкая лира
1;11.06.2015;20.0175;Турецкая лира
1;10.06.2015;20.2830;Турецкая лира
1;09.06.2015;20.2594;Турецкая лира
1;06.06.2015;21.0503;Турецкая лира
1;05.06.2015;20.3874;Турецкая лира
1;04.06.2015;19.7834;Турецкая лира
1;03.06.2015;19.9326;Турецкая лира
1;02.06.2015;19.7220;Турецкая лира
1;30.05.2015;19.8589;Турецкая лира
1;29.05.2015;19.6759;Турецкая лира
1;28.05.2015;19.3594;Турецкая лира
1;27.05.2015;19.1165;Турецкая лира
1;26.05.2015;19.1267;Турецкая лира
1;23.05.2015;19.1419;Турецкая лира
1;22.05.2015;19.4697;Турецкая лира
1;21.05.2015;19.1103;Турецкая лира
1;20.05.2015;19.0118;Турецкая лира
1;19.05.2015;19.0293;Турецкая лира
1;16.05.2015;19.3311;Турецкая лира
1;15.05.2015;19.0561;Турецкая лира
1;14.05.2015;18.6459;Турецкая лира
1;13.05.2015;18.9201;Турецкая лира
1;09.05.2015;18.8806;Турецкая лира
1;08.05.2015;18.5843;Турецкая лира
1;07.05.2015;18.4830;Турецкая лира
1;06.05.2015;19.0439;Турецкая лира
1;01.05.2015;19.2229;Турецкая лира
1;30.04.2015;19.4007;Турецкая лира
1;29.04.2015;19.4352;Турецкая лира
1;28.04.2015;18.8448;Турецкая лира
1;25.04.2015;18.5490;Турецкая лира
1;24.04.2015;18.8946;Турецкая лира
1;23.04.2015;19.9463;Турецкая лира
1;22.04.2015;19.9353;Турецкая лира
1;21.04.2015;19.1634;Турецкая лира
1;18.04.2015;18.8080;Турецкая лира
1;17.04.2015;18.3438;Турецкая лира
1;16.04.2015;18.6980;Турецкая лира
1;15.04.2015;19.4517;Турецкая лира
1;14.04.2015;19.8283;Турецкая лира
1;11.04.2015;19.4388;Турецкая лира
1;10.04.2015;20.2040;Турецкая лира
1;09.04.2015;20.8639;Турецкая лира
1;08.04.2015;21.4227;Турецкая лира
1;07.04.2015;21.9975;Турецкая лира
1;04.04.2015;21.8779;Турецкая лира
1;03.04.2015;21.9666;Турецкая лира
1;02.04.2015;22.3620;Турецкая лира
1;01.04.2015;22.0771;Турецкая лира
1;31.03.2015;22.3675;Турецкая лира
1;28.03.2015;22.0479;Турецкая лира
1;27.03.2015;21.7211;Турецкая лира
1;26.03.2015;22.4434;Турецкая лира
1;25.03.2015;23.0502;Турецкая лира
1;24.03.2015;22.9598;Турецкая лира
1;21.03.2015;23.1301;Турецкая лира
1;20.03.2015;23.0074;Турецкая лира
1;19.03.2015;23.4333;Турецкая лира
1;18.03.2015;23.5646;Турецкая лира
1;17.03.2015;23.7213;Турецкая лира
1;14.03.2015;23.6616;Турецкая лира
1;13.03.2015;23.5592;Турецкая лира
1;12.03.2015;23.9739;Турецкая лира
1;11.03.2015;23.2050;Турецкая лира
1;07.03.2015;23.0302;Турецкая лира
1;06.03.2015;24.0383;Турецкая лира
1;05.03.2015;24.2950;Турецкая лира
1;04.03.2015;24.8238;Турецкая лира
1;03.03.2015;24.7071;Турецкая лира
1;28.02.2015;24.5185;Турецкая лира
1;27.02.2015;24.4309;Турецкая лира
1;26.02.2015;25.4703;Турецкая лира
1;25.02.2015;25.6154;Турецкая лира
1;21.02.2015;25.1933;Турецкая лира
1;20.02.2015;25.5000;Турецкая лира
1;19.02.2015;25.3268;Турецкая лира
1;18.02.2015;25.6261;Турецкая лира
1;17.02.2015;25.5195;Турецкая лира
1;14.02.2015;26.3113;Турецкая лира
1;13.02.2015;26.4874;Турецкая лира
1;12.02.2015;26.4551;Турецкая лира
1;11.02.2015;26.4914;Турецкая лира
1;10.02.2015;26.3760;Турецкая лира
1;07.02.2015;27.1124;Турецкая лира
1;06.02.2015;28.0389;Турецкая лира
1;05.02.2015;27.2253;Турецкая лира
1;04.02.2015;28.0749;Турецкая лира
1;03.02.2015;28.7274;Турецкая лира
1;31.01.2015;28.6060;Турецкая лира
1;30.01.2015;28.6150;Турецкая лира
1;29.01.2015;28.4416;Турецкая лира
1;28.01.2015;28.8318;Турецкая лира
1;27.01.2015;27.8258;Турецкая лира
1;24.01.2015;27.2482;Турецкая лира
1;23.01.2015;27.8014;Турецкая лира
1;22.01.2015;28.0225;Турецкая лира
1;21.01.2015;27.8099;Турецкая лира
1;20.01.2015;27.8258;Турецкая лира
1;17.01.2015;28.2382;Турецкая лира
1;16.01.2015;28.4871;Турецкая лира
1;15.01.2015;28.6935;Турецкая лира
1;14.01.2015;28.4397;Турецкая лира
1;13.01.2015;27.3301;Турецкая лира
1;01.01.2015;24.1789;Турецкая лира
1;31.12.2014;24.2723;Турецкая лира
1;30.12.2014;24.3859;Турецкая лира
1;27.12.2014;22.4382;Турецкая лира
1;26.12.2014;22.6568;Турецкая лира
1;25.12.2014;23.4947;Турецкая лира
1;24.12.2014;23.5514;Турецкая лира
1;23.12.2014;24.3561;Турецкая лира
1;20.12.2014;26.1337;Турецкая лира
1;19.12.2014;25.6037;Турецкая лира
1;18.12.2014;28.6812;Турецкая лира
1;17.12.2014;25.9997;Турецкая лира
1;16.12.2014;25.3052;Турецкая лира
1;13.12.2014;25.0272;Турецкая лира
1;12.12.2014;24.2416;Турецкая лира
1;11.12.2014;23.9449;Турецкая лира
1;10.12.2014;23.9652;Турецкая лира
1;09.12.2014;23.4063;Турецкая лира
1;06.12.2014;23.7284;Турецкая лира
1;05.12.2014;23.5416;Турецкая лира
1;04.12.2014;24.2777;Турецкая лира
1;03.12.2014;22.8859;Турецкая лира
1;02.12.2014;23.2997;Турецкая лира
1;29.11.2014;22.2924;Турецкая лира
1;28.11.2014;21.5037;Турецкая лира
1;27.11.2014;20.8997;Турецкая лира
1;26.11.2014;20.1369;Турецкая лира
1;25.11.2014;20.1300;Турецкая лира
1;22.11.2014;20.6087;Турецкая лира
1;21.11.2014;20.9110;Турецкая лира
1;20.11.2014;21.1321;Турецкая лира
1;19.11.2014;21.1116;Турецкая лира
1;18.11.2014;21.2084;Турецкая лира
1;15.11.2014;21.1025;Турецкая лира
1;14.11.2014;20.5138;Турецкая лира
1;13.11.2014;20.5126;Турецкая лира
1;12.11.2014;20.2423;Турецкая лира
1;11.11.2014;20.4094;Турецкая лира
1;08.11.2014;21.0580;Турецкая лира
1;07.11.2014;20.1406;Турецкая лира
1;06.11.2014;19.8566;Турецкая лира
1;01.11.2014;19.0930;Турецкая лира
1;31.10.2014;19.5031;Турецкая лира
1;30.10.2014;19.3822;Турецкая лира
1;29.10.2014;19.0216;Турецкая лира
1;28.10.2014;18.7703;Турецкая лира
1;25.10.2014;18.6569;Турецкая лира
1;24.10.2014;18.4426;Турецкая лира
1;23.10.2014;18.2400;Турецкая лира
1;22.10.2014;18.2892;Турецкая лира
1;21.10.2014;18.2328;Турецкая лира
1;18.10.2014;18.1318;Турецкая лира
1;17.10.2014;17.9655;Турецкая лира
1;16.10.2014;18.0328;Турецкая лира
1;15.10.2014;17.8140;Турецкая лира
1;14.10.2014;17.7097;Турецкая лира
1;11.10.2014;17.6580;Турецкая лира
1;10.10.2014;17.6473;Турецкая лира
1;09.10.2014;17.4708;Турецкая лира
1;08.10.2014;17.5352;Турецкая лира
1;07.10.2014;17.5099;Турецкая лира
1;04.10.2014;17.4843;Турецкая лира
1;03.10.2014;17.3431;Турецкая лира
1;02.10.2014;17.3721;Турецкая лира
1;01.10.2014;17.2849;Турецкая лира
1;30.09.2014;17.3433;Турецкая лира
1;27.09.2014;17.1650;Турецкая лира
1;26.09.2014;17.0566;Турецкая лира
1;25.09.2014;17.1951;Турецкая лира
1;24.09.2014;17.2915;Турецкая лира
1;23.09.2014;17.2170;Турецкая лира
1;20.09.2014;17.2443;Турецкая лира
1;19.09.2014;17.2577;Турецкая лира
1;18.09.2014;17.3804;Турецкая лира
1;17.09.2014;17.4586;Турецкая лира
1;16.09.2014;17.1271;Турецкая лира
1;13.09.2014;17.0769;Турецкая лира
1;12.09.2014;17.0487;Турецкая лира
1;11.09.2014;16.8393;Турецкая лира
1;10.09.2014;16.9533;Турецкая лира
1;09.09.2014;17.1515;Турецкая лира
1;06.09.2014;17.0414;Турецкая лира
1;05.09.2014;17.0222;Турецкая лира
1;04.09.2014;17.2053;Турецкая лира
1;03.09.2014;17.2668;Турецкая лира
1;02.09.2014;17.2253;Турецкая лира
1;30.08.2014;17.0980;Турецкая лира
1;29.08.2014;16.8119;Турецкая лира
1;28.08.2014;16.6966;Турецкая лира
1;27.08.2014;16.6103;Турецкая лира
1;26.08.2014;16.5727;Турецкая лира
1;23.08.2014;16.5606;Турецкая лира
1;22.08.2014;16.6506;Турецкая лира
1;21.08.2014;16.7463;Турецкая лира
1;20.08.2014;16.6710;Турецкая лира
1;19.08.2014;16.6095;Турецкая лира
1;16.08.2014;16.7262;Турецкая лира
1;15.08.2014;16.6850;Турецкая лира
1;14.08.2014;16.7579;Турецкая лира
1;13.08.2014;16.7288;Турецкая лира
1;12.08.2014;16.7897;Турецкая лира
1;09.08.2014;16.7222;Турецкая лира
1;08.08.2014;16.7280;Турецкая лира
1;07.08.2014;16.7495;Турецкая лира
1;06.08.2014;16.8306;Турецкая лира
1;05.08.2014;16.6903;Турецкая лира
1;02.08.2014;16.6584;Турецкая лира
1;01.08.2014;16.6270;Турецкая лира
1;31.07.2014;16.9178;Турецкая лира
1;30.07.2014;16.9218;Турецкая лира
1;29.07.2014;16.8586;Турецкая лира
1;26.07.2014;16.7336;Турецкая лира
1;25.07.2014;16.7208;Турецкая лира
1;24.07.2014;16.5960;Турецкая лира
1;23.07.2014;16.5441;Турецкая лира
1;22.07.2014;16.5667;Турецкая лира
1;19.07.2014;16.5083;Турецкая лира
1;18.07.2014;16.3833;Турецкая лира
1;17.07.2014;16.1661;Турецкая лира
1;16.07.2014;16.2072;Турецкая лира
1;15.07.2014;16.1894;Турецкая лира
1;12.07.2014;16.0312;Турецкая лира
1;11.07.2014;15.9450;Турецкая лира
1;10.07.2014;16.0515;Турецкая лира
1;09.07.2014;16.1753;Турецкая лира
1;08.07.2014;16.2068;Турецкая лира
1;05.07.2014;16.1333;Турецкая лира
1;04.07.2014;16.0163;Турецкая лира
1;03.07.2014;16.0910;Турецкая лира
1;02.07.2014;16.1450;Турецкая лира
1;01.07.2014;15.9331;Турецкая лира
1;28.06.2014;15.8187;Турецкая лира
1;27.06.2014;15.8492;Турецкая лира
1;26.06.2014;15.8481;Турецкая лира
1;25.06.2014;15.9327;Турецкая лира
1;24.06.2014;16.0260;Турецкая лира
1;21.06.2014;16.1062;Турецкая лира
1;20.06.2014;16.1120;Турецкая лира
1;19.06.2014;16.2074;Турецкая лира
1;18.06.2014;16.2745;Турецкая лира
1;17.06.2014;16.1332;Турецкая лира
1;12.06.2014;16.4475;Турецкая лира
1;11.06.2014;16.4205;Турецкая лира
1;10.06.2014;16.5169;Турецкая лира
1;07.06.2014;16.5247;Турецкая лира
1;06.06.2014;16.5306;Турецкая лира
1;05.06.2014;16.5598;Турецкая лира
1;04.06.2014;16.6587;Турецкая лира
1;03.06.2014;16.6224;Турецкая лира
1;31.05.2014;16.5927;Турецкая лира
1;30.05.2014;16.4834;Турецкая лира
1;29.05.2014;16.3488;Турецкая лира
1;28.05.2014;16.3729;Турецкая лира
1;27.05.2014;16.3510;Турецкая лира
1;24.05.2014;16.4670;Турецкая лира
1;23.05.2014;16.4177;Турецкая лира
1;22.05.2014;16.3273;Турецкая лира
1;21.05.2014;16.4687;Турецкая лира
1;20.05.2014;16.5876;Турецкая лира
1;17.05.2014;16.5814;Турецкая лира
1;16.05.2014;16.7482;Турецкая лира
1;15.05.2014;16.8180;Турецкая лира
1;14.05.2014;16.8067;Турецкая лира
1;13.05.2014;16.9715;Турецкая лира
1;09.05.2014;16.8410;Турецкая лира
1;08.05.2014;16.9559;Турецкая лира
1;07.05.2014;16.9948;Турецкая лира
1;06.05.2014;17.0894;Турецкая лира
1;01.05.2014;16.8067;Турецкая лира
1;30.04.2014;16.8349;Турецкая лира
1;29.04.2014;16.8299;Турецкая лира
1;26.04.2014;16.7853;Турецкая лира
1;25.04.2014;16.6122;Турецкая лира
1;24.04.2014;16.6243;Турецкая лира
1;23.04.2014;16.7112;Турецкая лира
1;22.04.2014;16.7184;Турецкая лира
1;19.04.2014;16.6881;Турецкая лира
1;18.04.2014;16.8403;Турецкая лира
1;17.04.2014;16.8920;Турецкая лира
1;16.04.2014;16.8882;Турецкая лира
1;15.04.2014;16.9121;Турецкая лира
1;12.04.2014;16.8077;Турецкая лира
1;11.04.2014;16.9123;Турецкая лира
1;10.04.2014;16.9879;Турецкая лира
1;09.04.2014;16.9193;Турецкая лира
1;08.04.2014;16.7634;Турецкая лира
1;05.04.2014;16.5776;Турецкая лира
1;04.04.2014;16.6715;Турецкая лира
1;03.04.2014;16.4000;Турецкая лира
1;02.04.2014;16.2963;Турецкая лира
1;01.04.2014;16.4489;Турецкая лира
1;29.03.2014;16.2843;Турецкая лира
1;28.03.2014;16.1717;Турецкая лира
1;27.03.2014;15.9934;Турецкая лира
1;26.03.2014;16.0631;Турецкая лира
1;25.03.2014;16.1623;Турецкая лира
1;22.03.2014;16.2401;Турецкая лира
1;21.03.2014;16.1413;Турецкая лира
1;20.03.2014;16.3073;Турецкая лира
1;19.03.2014;16.3991;Турецкая лира
1;18.03.2014;16.5144;Турецкая лира
1;15.03.2014;16.3677;Турецкая лира
1;14.03.2014;16.3519;Турецкая лира
1;13.03.2014;16.2105;Турецкая лира
1;12.03.2014;16.4230;Турецкая лира
1;08.03.2014;16.5791;Турецкая лира
1;07.03.2014;16.3959;Турецкая лира
1;06.03.2014;16.3096;Турецкая лира
1;05.03.2014;16.4273;Турецкая лира
1;04.03.2014;16.3712;Турецкая лира
1;01.03.2014;16.3119;Турецкая лира
1;28.02.2014;16.1053;Турецкая лира
1;27.02.2014;16.2470;Турецкая лира
1;26.02.2014;16.0718;Турецкая лира
1;25.02.2014;16.3082;Турецкая лира
1;22.02.2014;16.2062;Турецкая лира
1;21.02.2014;16.1513;Турецкая лира
1;20.02.2014;16.2381;Турецкая лира
1;19.02.2014;16.1689;Турецкая лира
1;18.02.2014;16.0865;Турецкая лира
1;15.02.2014;16.1059;Турецкая лира
1;14.02.2014;15.8842;Турецкая лира
1;13.02.2014;15.8524;Турецкая лира
1;12.02.2014;15.6811;Турецкая лира
1;11.02.2014;15.6558;Турецкая лира
1;08.02.2014;15.6157;Турецкая лира
1;07.02.2014;15.5420;Турецкая лира
1;06.02.2014;15.6186;Турецкая лира
1;05.02.2014;15.6065;Турецкая лира
1;04.02.2014;15.5356;Турецкая лира
1;01.02.2014;15.5974;Турецкая лира
1;31.01.2014;15.5400;Турецкая лира
1;30.01.2014;15.8584;Турецкая лира
1;29.01.2014;15.2735;Турецкая лира
1;28.01.2014;14.8999;Турецкая лира
1;25.01.2014;14.9457;Турецкая лира
1;24.01.2014;14.8975;Турецкая лира
1;23.01.2014;15.0675;Турецкая лира
1;22.01.2014;15.1127;Турецкая лира
1;21.01.2014;14.9704;Турецкая лира
1;18.01.2014;15.1321;Турецкая лира
1;17.01.2014;15.1226;Турецкая лира
1;16.01.2014;15.1937;Турецкая лира
1;15.01.2014;15.1948;Турецкая лира
1;14.01.2014;15.2875;Турецкая лира
1;11.01.2014;15.2357;Турецкая лира
1;10.01.2014;15.1530;Турецкая лира
1;01.01.2014;15.4087;Турецкая лира
1;31.12.2013;15.3026;Турецкая лира
1;28.12.2013;15.3820;Турецкая лира
1;27.12.2013;15.6097;Турецкая лира
1;26.12.2013;15.7503;Турецкая лира
1;25.12.2013;15.5737;Турецкая лира
1;24.12.2013;15.7794;Турецкая лира
1;21.12.2013;15.8473;Турецкая лира
1;20.12.2013;16.0058;Турецкая лира
1;19.12.2013;16.1314;Турецкая лира
1;18.12.2013;16.1911;Турецкая лира
1;17.12.2013;16.1202;Турецкая лира
1;14.12.2013;16.0755;Турецкая лира
1;13.12.2013;16.0517;Турецкая лира
1;12.12.2013;16.1318;Турецкая лира
1;11.12.2013;16.1200;Турецкая лира
1;10.12.2013;16.1716;Турецкая лира
1;07.12.2013;16.1709;Турецкая лира
1;06.12.2013;16.1792;Турецкая лира
1;05.12.2013;16.2855;Турецкая лира
1;04.12.2013;16.3035;Турецкая лира
1;03.12.2013;16.4141;Турецкая лира
1;30.11.2013;16.4739;Турецкая лира
1;29.11.2013;16.3726;Турецкая лира
1;28.11.2013;16.3890;Турецкая лира
1;27.11.2013;16.4364;Турецкая лира
1;26.11.2013;16.3515;Турецкая лира
1;23.11.2013;16.3238;Турецкая лира
1;22.11.2013;16.3739;Турецкая лира
1;21.11.2013;16.2789;Турецкая лира
1;20.11.2013;16.1299;Турецкая лира
1;19.11.2013;16.0557;Турецкая лира
1;16.11.2013;16.0467;Турецкая лира
1;15.11.2013;15.9817;Турецкая лира
1;14.11.2013;15.9926;Турецкая лира
1;13.11.2013;16.0272;Турецкая лира
1;12.11.2013;16.0203;Турецкая лира
1;09.11.2013;16.0192;Турецкая лира
1;08.11.2013;15.8766;Турецкая лира
1;07.11.2013;15.9952;Турецкая лира
1;06.11.2013;16.0193;Турецкая лира
1;02.11.2013;16.1469;Турецкая лира
1;01.11.2013;16.0507;Турецкая лира
1;31.10.2013;16.0845;Турецкая лира
1;30.10.2013;16.0767;Турецкая лира
1;29.10.2013;16.0464;Турецкая лира
1;26.10.2013;15.9344;Турецкая лира
1;25.10.2013;16.0248;Турецкая лира
1;24.10.2013;16.0660;Турецкая лира
1;23.10.2013;16.0961;Турецкая лира
1;22.10.2013;16.1616;Турецкая лира
1;19.10.2013;16.1720;Турецкая лира
1;18.10.2013;16.2455;Турецкая лира
1;17.10.2013;16.2573;Турецкая лира
1;16.10.2013;16.2713;Турецкая лира
1;15.10.2013;16.2387;Турецкая лира
1;12.10.2013;16.2710;Турецкая лира
1;11.10.2013;16.3005;Турецкая лира
1;10.10.2013;16.2541;Турецкая лира
1;09.10.2013;16.1978;Турецкая лира
1;08.10.2013;16.1466;Турецкая лира
1;05.10.2013;16.0527;Турецкая лира
1;04.10.2013;16.0641;Турецкая лира
1;03.10.2013;15.9891;Турецкая лира
1;02.10.2013;16.0879;Турецкая лира
1;01.10.2013;15.9017;Турецкая лира
1;28.09.2013;15.9273;Турецкая лира
1;27.09.2013;15.9750;Турецкая лира
1;26.09.2013;15.9234;Турецкая лира
1;25.09.2013;16.0165;Турецкая лира
1;24.09.2013;16.1075;Турецкая лира
1;21.09.2013;16.1243;Турецкая лира
1;20.09.2013;16.1739;Турецкая лира
1;19.09.2013;16.0767;Турецкая лира
1;18.09.2013;16.1320;Турецкая лира
1;17.09.2013;16.1696;Турецкая лира
1;14.09.2013;16.1141;Турецкая лира
1;13.09.2013;16.1604;Турецкая лира
1;12.09.2013;16.2659;Турецкая лира
1;11.09.2013;16.2857;Турецкая лира
1;10.09.2013;16.3051;Турецкая лира
1;07.09.2013;16.1758;Турецкая лира
1;06.09.2013;16.1695;Турецкая лира
1;05.09.2013;16.2699;Турецкая лира
1;04.09.2013;16.4179;Турецкая лира
1;03.09.2013;16.4721;Турецкая лира
1;31.08.2013;16.3611;Турецкая лира
1;30.08.2013;16.3746;Турецкая лира
1;29.08.2013;16.1380;Турецкая лира
1;28.08.2013;16.5092;Турецкая лира
1;27.08.2013;16.5377;Турецкая лира
1;24.08.2013;16.6274;Турецкая лира
1;23.08.2013;16.7292;Турецкая лира
1;22.08.2013;16.8586;Турецкая лира
1;21.08.2013;16.9164;Турецкая лира
1;20.08.2013;16.9372;Турецкая лира
1;17.08.2013;17.0420;Турецкая лира
1;16.08.2013;17.0942;Турецкая лира
1;15.08.2013;17.1290;Турецкая лира
1;14.08.2013;17.1623;Турецкая лира
1;13.08.2013;17.0996;Турецкая лира
1;10.08.2013;17.1167;Турецкая лира
1;09.08.2013;17.0887;Турецкая лира
1;08.08.2013;17.1083;Турецкая лира
1;07.08.2013;17.0368;Турецкая лира
1;06.08.2013;17.0457;Турецкая лира
1;03.08.2013;16.9767;Турецкая лира
1;02.08.2013;17.0092;Турецкая лира
1;01.08.2013;17.0969;Турецкая лира
1;31.07.2013;17.0680;Турецкая лира
1;30.07.2013;17.0519;Турецкая лира
1;27.07.2013;16.9720;Турецкая лира
1;26.07.2013;16.8939;Турецкая лира
1;25.07.2013;16.9823;Турецкая лира
1;24.07.2013;16.8768;Турецкая лира
1;23.07.2013;16.8792;Турецкая лира
1;20.07.2013;16.8812;Турецкая лира
1;19.07.2013;16.9057;Турецкая лира
1;18.07.2013;16.8192;Турецкая лира
1;17.07.2013;16.8348;Турецкая лира
1;16.07.2013;16.7722;Турецкая лира
1;13.07.2013;16.6946;Турецкая лира
1;12.07.2013;16.7670;Турецкая лира
1;11.07.2013;16.9444;Турецкая лира
1;10.07.2013;17.0572;Турецкая лира
1;09.07.2013;17.0075;Турецкая лира
1;06.07.2013;17.0795;Турецкая лира
1;05.07.2013;17.0272;Турецкая лира
1;04.07.2013;17.0186;Турецкая лира
1;03.07.2013;17.1664;Турецкая лира
1;02.07.2013;17.0942;Турецкая лира
1;29.06.2013;17.0005;Турецкая лира
1;28.06.2013;17.0098;Турецкая лира
1;27.06.2013;17.0490;Турецкая лира
1;26.06.2013;16.8759;Турецкая лира
1;25.06.2013;16.9411;Турецкая лира
1;22.06.2013;16.9251;Турецкая лира
1;21.06.2013;17.0957;Турецкая лира
1;20.06.2013;17.0670;Турецкая лира
1;19.06.2013;17.0221;Турецкая лира
1;18.06.2013;16.9379;Турецкая лира
1;15.06.2013;17.1306;Турецкая лира
1;14.06.2013;17.3023;Турецкая лира
1;12.06.2013;17.1140;Турецкая лира
1;11.06.2013;17.0894;Турецкая лира
1;08.06.2013;17.0175;Турецкая лира
1;07.06.2013;17.0135;Турецкая лира
1;06.06.2013;17.0115;Турецкая лира
1;05.06.2013;16.9332;Турецкая лира
1;04.06.2013;16.9015;Турецкая лира
1;01.06.2013;16.8573;Турецкая лира
1;31.05.2013;16.9689;Турецкая лира
1;30.05.2013;16.9537;Турецкая лира
1;29.05.2013;16.9476;Турецкая лира
1;28.05.2013;16.9634;Турецкая лира
1;25.05.2013;16.9755;Турецкая лира
1;24.05.2013;16.9884;Турецкая лира
1;23.05.2013;16.9257;Турецкая лира
1;22.05.2013;16.9119;Турецкая лира
1;21.05.2013;17.0265;Турецкая лира
1;18.05.2013;17.1547;Турецкая лира
1;17.05.2013;17.2240;Турецкая лира
1;16.05.2013;17.2597;Турецкая лира
1;15.05.2013;17.2806;Турецкая лира
1;14.05.2013;17.3713;Турецкая лира
1;09.05.2013;17.2971;Турецкая лира
1;08.05.2013;17.2853;Турецкая лира
1;07.05.2013;17.3121;Турецкая лира
1;01.05.2013;17.2847;Турецкая лира
1;30.04.2013;17.3924;Турецкая лира
1;27.04.2013;17.3327;Турецкая лира
1;26.04.2013;17.3877;Турецкая лира
1;25.04.2013;17.5023;Турецкая лира
1;24.04.2013;17.5299;Турецкая лира
1;23.04.2013;17.5223;Турецкая лира
1;20.04.2013;17.5053;Турецкая лира
1;19.04.2013;17.6401;Турецкая лира
1;18.04.2013;17.4715;Турецкая лира
1;17.04.2013;17.5509;Турецкая лира
1;16.04.2013;17.4967;Турецкая лира
1;13.04.2013;17.2817;Турецкая лира
1;12.04.2013;17.2570;Турецкая лира
1;11.04.2013;17.3592;Турецкая лира
1;10.04.2013;17.4398;Турецкая лира
1;09.04.2013;17.6243;Турецкая лира
1;06.04.2013;17.5087;Турецкая лира
1;05.04.2013;17.5367;Турецкая лира
1;04.04.2013;17.4041;Турецкая лира
1;03.04.2013;17.2064;Турецкая лира
1;02.04.2013;17.1581;Турецкая лира
1;30.03.2013;17.1637;Турецкая лира
1;29.03.2013;17.0844;Турецкая лира
1;28.03.2013;17.0091;Турецкая лира
1;27.03.2013;16.9774;Турецкая лира
1;26.03.2013;16.9562;Турецкая лира
1;23.03.2013;17.0146;Турецкая лира
1;22.03.2013;16.9981;Турецкая лира
1;21.03.2013;16.9951;Турецкая лира
1;20.03.2013;16.9994;Турецкая лира
1;19.03.2013;17.0057;Турецкая лира
1;16.03.2013;16.9928;Турецкая лира
1;15.03.2013;16.9916;Турецкая лира
1;14.03.2013;17.0482;Турецкая лира
1;13.03.2013;17.0738;Турецкая лира
1;12.03.2013;17.0828;Турецкая лира
1;08.03.2013;17.0857;Турецкая лира
1;07.03.2013;17.0955;Турецкая лира
1;06.03.2013;17.0725;Турецкая лира
1;05.03.2013;17.0726;Турецкая лира
1;02.03.2013;17.0231;Турецкая лира
1;01.03.2013;16.9513;Турецкая лира
1;28.02.2013;16.9735;Турецкая лира
1;27.02.2013;16.8552;Турецкая лира
1;26.02.2013;16.8397;Турецкая лира
1;23.02.2013;16.9361;Турецкая лира
1;22.02.2013;16.9376;Турецкая лира
1;21.02.2013;16.9326;Турецкая лира
1;20.02.2013;17.0406;Турецкая лира
1;19.02.2013;17.0202;Турецкая лира
1;16.02.2013;17.0049;Турецкая лира
1;15.02.2013;17.0207;Турецкая лира
1;14.02.2013;16.9806;Турецкая лира
1;13.02.2013;16.9855;Турецкая лира
1;12.02.2013;17.0198;Турецкая лира
1;09.02.2013;17.0189;Турецкая лира
1;08.02.2013;16.9772;Турецкая лира
1;07.02.2013;16.9859;Турецкая лира
1;06.02.2013;17.0805;Турецкая лира
1;05.02.2013;17.0854;Турецкая лира
1;02.02.2013;17.0726;Турецкая лира
1;01.02.2013;16.9746;Турецкая лира
1;31.01.2013;16.9840;Турецкая лира
1;30.01.2013;17.0058;Турецкая лира
1;29.01.2013;16.9924;Турецкая лира
1;26.01.2013;16.9794;Турецкая лира
1;25.01.2013;17.0374;Турецкая лира
1;24.01.2013;17.0497;Турецкая лира
1;23.01.2013;17.1611;Турецкая лира
1;22.01.2013;17.2162;Турецкая лира
1;19.01.2013;17.2185;Турецкая лира
1;18.01.2013;17.1828;Турецкая лира
1;17.01.2013;17.1247;Турецкая лира
1;16.01.2013;17.0772;Турецкая лира
1;15.01.2013;17.1013;Турецкая лира
1;12.01.2013;17.0828;Турецкая лира
1;11.01.2013;17.0974;Турецкая лира
1;10.01.2013;17.1167;Турецкая лира
1;30.12.2012;16.9651;Турецкая лира
1;29.12.2012;16.9651;Турецкая лира
1;28.12.2012;16.9904;Турецкая лира
1;27.12.2012;17.0557;Турецкая лира
1;26.12.2012;17.0138;Турецкая лира
1;25.12.2012;17.1613;Турецкая лира
1;22.12.2012;17.1636;Турецкая лира
1;21.12.2012;17.2417;Турецкая лира
1;20.12.2012;17.2764;Турецкая лира
1;19.12.2012;17.3756;Турецкая лира
1;18.12.2012;17.2911;Турецкая лира
1;15.12.2012;17.2276;Турецкая лира
1;14.12.2012;17.2171;Турецкая лира
1;13.12.2012;17.2362;Турецкая лира
1;12.12.2012;17.1849;Турецкая лира
1;11.12.2012;17.2354;Турецкая лира
1;08.12.2012;17.2903;Турецкая лира
1;07.12.2012;17.2801;Турецкая лира
1;06.12.2012;17.2729;Турецкая лира
1;05.12.2012;17.3393;Турецкая лира
1;04.12.2012;17.2657;Турецкая лира
1;01.12.2012;17.2572;Турецкая лира
1;30.11.2012;17.3529;Турецкая лира
1;29.11.2012;17.3486;Турецкая лира
1;28.11.2012;17.2546;Турецкая лира
1;27.11.2012;17.2814;Турецкая лира
1;24.11.2012;17.3141;Турецкая лира
1;23.11.2012;17.2973;Турецкая лира
1;22.11.2012;17.4750;Турецкая лира
1;21.11.2012;17.4523;Турецкая лира
1;20.11.2012;17.5854;Турецкая лира
1;17.11.2012;17.6115;Турецкая лира
1;16.11.2012;17.5403;Турецкая лира
1;15.11.2012;17.5986;Турецкая лира
1;14.11.2012;17.5812;Турецкая лира
1;13.11.2012;17.6684;Турецкая лира
1;10.11.2012;17.6588;Турецкая лира
1;09.11.2012;17.6622;Турецкая лира
1;08.11.2012;17.6855;Турецкая лира
1;07.11.2012;17.7175;Турецкая лира
1;03.11.2012;17.5317;Турецкая лира
1;02.11.2012;17.4754;Турецкая лира
1;01.11.2012;17.4787;Турецкая лира
1;31.10.2012;17.4655;Турецкая лира
1;30.10.2012;17.4448;Турецкая лира
1;27.10.2012;17.4500;Турецкая лира
1;26.10.2012;17.3717;Турецкая лира
1;25.10.2012;17.3959;Турецкая лира
1;24.10.2012;17.3104;Турецкая лира
1;23.10.2012;17.2240;Турецкая лира
1;20.10.2012;17.1155;Турецкая лира
1;19.10.2012;17.0493;Турецкая лира
1;18.10.2012;17.0806;Турецкая лира
1;17.10.2012;17.1038;Турецкая лира
1;16.10.2012;17.1850;Турецкая лира
1;13.10.2012;17.1458;Турецкая лира
1;12.10.2012;17.1850;Турецкая лира
1;11.10.2012;17.1598;Турецкая лира
1;10.10.2012;17.1347;Турецкая лира
1;09.10.2012;17.2176;Турецкая лира
1;06.10.2012;17.2367;Турецкая лира
1;05.10.2012;17.2722;Турецкая лира
1;04.10.2012;17.3785;Турецкая лира
1;03.10.2012;17.3686;Турецкая лира
1;02.10.2012;17.3922;Турецкая лира
1;29.09.2012;17.2672;Турецкая лира
1;28.09.2012;17.4177;Турецкая лира
1;27.09.2012;17.4027;Турецкая лира
1;26.09.2012;17.3791;Турецкая лира
1;25.09.2012;17.3947;Турецкая лира
1;22.09.2012;17.3437;Турецкая лира
1;21.09.2012;17.5372;Турецкая лира
1;20.09.2012;17.2171;Турецкая лира
1;19.09.2012;17.1144;Турецкая лира
1;18.09.2012;17.0134;Турецкая лира
1;15.09.2012;17.1784;Турецкая лира
1;14.09.2012;17.3745;Турецкая лира
1;13.09.2012;17.4684;Турецкая лира
1;12.09.2012;17.6293;Турецкая лира
1;11.09.2012;17.6165;Турецкая лира
1;08.09.2012;17.7217;Турецкая лира
1;07.09.2012;17.7019;Турецкая лира
1;06.09.2012;17.7770;Турецкая лира
1;05.09.2012;17.7310;Турецкая лира
1;04.09.2012;17.7979;Турецкая лира
1;01.09.2012;17.8743;Турецкая лира
1;31.08.2012;17.6979;Турецкая лира
1;30.08.2012;17.6828;Турецкая лира
1;29.08.2012;17.7534;Турецкая лира
1;28.08.2012;17.7106;Турецкая лира
1;25.08.2012;17.6840;Турецкая лира
1;24.08.2012;17.6753;Турецкая лира
1;23.08.2012;17.7141;Турецкая лира
1;22.08.2012;17.7806;Турецкая лира
1;21.08.2012;17.7781;Турецкая лира
1;18.08.2012;17.7144;Турецкая лира
1;17.08.2012;17.7130;Турецкая лира
1;16.08.2012;17.6864;Турецкая лира
1;15.08.2012;17.7270;Турецкая лира
1;14.08.2012;17.8039;Турецкая лира
1;11.08.2012;17.8118;Турецкая лира
1;10.08.2012;17.6659;Турецкая лира
1;09.08.2012;17.7053;Турецкая лира
1;08.08.2012;17.8190;Турецкая лира
1;07.08.2012;17.9618;Турецкая лира
1;04.08.2012;18.1008;Турецкая лира
1;03.08.2012;18.0253;Турецкая лира
1;02.08.2012;18.0445;Турецкая лира
1;01.08.2012;17.8971;Турецкая лира
1;31.07.2012;17.7688;Турецкая лира
1;28.07.2012;17.7580;Турецкая лира
1;27.07.2012;17.9047;Турецкая лира
1;26.07.2012;18.0486;Турецкая лира
1;25.07.2012;17.9250;Турецкая лира
1;24.07.2012;17.7890;Турецкая лира
1;21.07.2012;17.7111;Турецкая лира
1;20.07.2012;17.8153;Турецкая лира
1;19.07.2012;17.9445;Турецкая лира
1;18.07.2012;17.9732;Турецкая лира
1;17.07.2012;18.0126;Турецкая лира
1;14.07.2012;17.9248;Турецкая лира
1;13.07.2012;18.0412;Турецкая лира
1;12.07.2012;18.1341;Турецкая лира
1;11.07.2012;18.0806;Турецкая лира
1;10.07.2012;18.1467;Турецкая лира
1;07.07.2012;17.9648;Турецкая лира
1;06.07.2012;17.9209;Турецкая лира
1;05.07.2012;17.8935;Турецкая лира
1;04.07.2012;18.0288;Турецкая лира
1;03.07.2012;17.9915;Турецкая лира
1;30.06.2012;18.0760;Турецкая лира
1;29.06.2012;18.1294;Турецкая лира
1;28.06.2012;18.1448;Турецкая лира
1;27.06.2012;18.2571;Турецкая лира
1;26.06.2012;18.1919;Турецкая лира
1;23.06.2012;18.5188;Турецкая лира
1;22.06.2012;18.2808;Турецкая лира
1;21.06.2012;18.1050;Турецкая лира
1;20.06.2012;17.9732;Турецкая лира
1;19.06.2012;17.7827;Турецкая лира
1;16.06.2012;17.8531;Турецкая лира
1;15.06.2012;17.8894;Турецкая лира
1;14.06.2012;17.9359;Турецкая лира
1;10.06.2012;17.8672;Турецкая лира
1;09.06.2012;17.8241;Турецкая лира
1;08.06.2012;17.6010;Турецкая лира
1;07.06.2012;17.8123;Турецкая лира
1;06.06.2012;17.9479;Турецкая лира
1;05.06.2012;18.3967;Турецкая лира
1;02.06.2012;18.1292;Турецкая лира
1;01.06.2012;17.8028;Турецкая лира
1;31.05.2012;17.6729;Турецкая лира
1;30.05.2012;17.4808;Турецкая лира
1;29.05.2012;17.3397;Турецкая лира
1;26.05.2012;17.2359;Турецкая лира
1;25.05.2012;17.0714;Турецкая лира
1;24.05.2012;17.0083;Турецкая лира
1;23.05.2012;17.0281;Турецкая лира
1;22.05.2012;17.0683;Турецкая лира
1;19.05.2012;17.1093;Турецкая лира
1;18.05.2012;17.0103;Турецкая лира
1;17.05.2012;16.9267;Турецкая лира
1;16.05.2012;16.8126;Турецкая лира
1;15.05.2012;16.7396;Турецкая лира
1;13.05.2012;16.9072;Турецкая лира
1;12.05.2012;16.8698;Турецкая лира
1;11.05.2012;16.9032;Турецкая лира
1;06.05.2012;16.9505;Турецкая лира
1;05.05.2012;16.8337;Турецкая лира
1;04.05.2012;16.7499;Турецкая лира
1;03.05.2012;16.7250;Турецкая лира
1;29.04.2012;16.6758;Турецкая лира
1;28.04.2012;16.6610;Турецкая лира
1;27.04.2012;16.6167;Турецкая лира
1;26.04.2012;16.4993;Турецкая лира
1;25.04.2012;16.4406;Турецкая лира
1;24.04.2012;16.4434;Турецкая лира
1;21.04.2012;16.4694;Турецкая лира
1;20.04.2012;16.5057;Турецкая лира
1;19.04.2012;16.4562;Турецкая лира
1;18.04.2012;16.5209;Турецкая лира
1;17.04.2012;16.5121;Турецкая лира
1;14.04.2012;16.4184;Турецкая лира
1;13.04.2012;16.4281;Турецкая лира
1;12.04.2012;16.4759;Турецкая лира
1;11.04.2012;16.4827;Турецкая лира
1;10.04.2012;16.4826;Турецкая лира
1;07.04.2012;16.4410;Турецкая лира
1;06.04.2012;16.4103;Турецкая лира
1;05.04.2012;16.4571;Турецкая лира
1;04.04.2012;16.4760;Турецкая лира
1;03.04.2012;16.4969;Турецкая лира
1;31.03.2012;16.4442;Турецкая лира
1;30.03.2012;16.4552;Турецкая лира
1;29.03.2012;16.3030;Турецкая лира
1;28.03.2012;16.1985;Турецкая лира
1;27.03.2012;16.2567;Турецкая лира
1;24.03.2012;16.2812;Турецкая лира
1;23.03.2012;16.1137;Турецкая лира
1;22.03.2012;16.0412;Турецкая лира
1;21.03.2012;16.1063;Турецкая лира
1;20.03.2012;16.2527;Турецкая лира
1;17.03.2012;16.3480;Турецкая лира
1;16.03.2012;16.4172;Турецкая лира
1;15.03.2012;16.4278;Турецкая лира
1;14.03.2012;16.4947;Турецкая лира
1;13.03.2012;16.5782;Турецкая лира
1;12.03.2012;16.5308;Турецкая лира
1;08.03.2012;16.5942;Турецкая лира
1;07.03.2012;16.5967;Турецкая лира
1;06.03.2012;16.5242;Турецкая лира
1;03.03.2012;16.6407;Турецкая лира
1;02.03.2012;16.7031;Турецкая лира
1;01.03.2012;16.5887;Турецкая лира
1;29.02.2012;16.4136;Турецкая лира
1;28.02.2012;16.4417;Турецкая лира
1;25.02.2012;16.7600;Турецкая лира
1;23.02.2012;16.9867;Турецкая лира
1;22.02.2012;17.1039;Турецкая лира
1;21.02.2012;17.0613;Турецкая лира
1;18.02.2012;17.0444;Турецкая лира
1;17.02.2012;17.0196;Турецкая лира
1;16.02.2012;16.9963;Турецкая лира
1;15.02.2012;16.9408;Турецкая лира
1;14.02.2012;17.0453;Турецкая лира
1;11.02.2012;16.9602;Турецкая лира
1;10.02.2012;17.0200;Турецкая лира
1;09.02.2012;17.0414;Турецкая лира
1;08.02.2012;17.1544;Турецкая лира
1;07.02.2012;17.1531;Турецкая лира
1;04.02.2012;17.1829;Турецкая лира
1;03.02.2012;17.2085;Турецкая лира
1;02.02.2012;17.0776;Турецкая лира
1;01.02.2012;17.0394;Турецкая лира
1;31.01.2012;17.0158;Турецкая лира
1;28.01.2012;16.9283;Турецкая лира
1;27.01.2012;16.8246;Турецкая лира
1;26.01.2012;16.8732;Турецкая лира
1;25.01.2012;16.9551;Турецкая лира
1;24.01.2012;17.0936;Турецкая лира
1;21.01.2012;17.1253;Турецкая лира
1;20.01.2012;17.1728;Турецкая лира
1;19.01.2012;17.1568;Турецкая лира
1;18.01.2012;17.1484;Турецкая лира
1;17.01.2012;17.1857;Турецкая лира
1;14.01.2012;17.1182;Турецкая лира
1;13.01.2012;17.0647;Турецкая лира
1;12.01.2012;16.9422;Турецкая лира
1;11.01.2012;17.0873;Турецкая лира
1;31.12.2011;16.8258;Турецкая лира
1;30.12.2011;16.7248;Турецкая лира
1;29.12.2011;16.6429;Турецкая лира
1;28.12.2011;16.4252;Турецкая лира
1;27.12.2011;16.4741;Турецкая лира
1;24.12.2011;16.5603;Турецкая лира
1;23.12.2011;16.7578;Турецкая лира
1;22.12.2011;16.9275;Турецкая лира
1;21.12.2011;16.8721;Турецкая лира
1;20.12.2011;16.9915;Турецкая лира
1;17.12.2011;16.9323;Турецкая лира
1;16.12.2011;16.9208;Турецкая лира
1;15.12.2011;16.8920;Турецкая лира
1;14.12.2011;16.9496;Турецкая лира
1;13.12.2011;17.0355;Турецкая лира
1;10.12.2011;17.0165;Турецкая лира
1;09.12.2011;17.0576;Турецкая лира
1;08.12.2011;17.0541;Турецкая лира
1;07.12.2011;16.8532;Турецкая лира
1;06.12.2011;16.9167;Турецкая лира
1;03.12.2011;16.8775;Турецкая лира
1;02.12.2011;16.8452;Турецкая лира
1;01.12.2011;16.8999;Турецкая лира
1;30.11.2011;16.8941;Турецкая лира
1;29.11.2011;16.7798;Турецкая лира
1;26.11.2011;16.8223;Турецкая лира
1;25.11.2011;16.8787;Турецкая лира
1;24.11.2011;16.8220;Турецкая лира
1;23.11.2011;16.7953;Турецкая лира
1;22.11.2011;16.9093;Турецкая лира
1;19.11.2011;17.0447;Турецкая лира
1;18.11.2011;17.0695;Турецкая лира
1;17.11.2011;17.0915;Турецкая лира
1;16.11.2011;17.1688;Турецкая лира
1;15.11.2011;17.1180;Турецкая лира
1;12.11.2011;17.0998;Турецкая лира
1;11.11.2011;17.1069;Турецкая лира
1;10.11.2011;16.9874;Турецкая лира
1;09.11.2011;17.1539;Турецкая лира
1;08.11.2011;17.2767;Турецкая лира
1;04.11.2011;17.1966;Турецкая лира
1;03.11.2011;17.1653;Турецкая лира
1;02.11.2011;17.1152;Турецкая лира
1;01.11.2011;17.1523;Турецкая лира
1;29.10.2011;17.0474;Турецкая лира
1;28.10.2011;17.3307;Турецкая лира
1;27.10.2011;17.2730;Турецкая лира
1;26.10.2011;16.9053;Турецкая лира
1;25.10.2011;16.8537;Турецкая лира
1;22.10.2011;16.9110;Турецкая лира
1;21.10.2011;16.7505;Турецкая лира
1;20.10.2011;16.6895;Турецкая лира
1;19.10.2011;16.5302;Турецкая лира
1;18.10.2011;16.7778;Турецкая лира
1;15.10.2011;16.9116;Турецкая лира
1;14.10.2011;17.1051;Турецкая лира
1;13.10.2011;17.1013;Турецкая лира
1;12.10.2011;17.1442;Турецкая лира
1;11.10.2011;17.3776;Турецкая лира
1;08.10.2011;17.4908;Турецкая лира
1;07.10.2011;17.4636;Турецкая лира
1;06.10.2011;17.2593;Турецкая лира
1;05.10.2011;17.2864;Турецкая лира
1;04.10.2011;17.4553;Турецкая лира
1;01.10.2011;17.2634;Турецкая лира
1;30.09.2011;17.1769;Турецкая лира
1;29.09.2011;17.2465;Турецкая лира
1;28.09.2011;17.4059;Турецкая лира
1;27.09.2011;17.5755;Турецкая лира
1;24.09.2011;17.4749;Турецкая лира
1;23.09.2011;17.5671;Турецкая лира
1;22.09.2011;17.5262;Турецкая лира
1;21.09.2011;17.4184;Турецкая лира
1;20.09.2011;17.2457;Турецкая лира
1;17.09.2011;17.0918;Турецкая лира
1;16.09.2011;17.1430;Турецкая лира
1;15.09.2011;17.1057;Турецкая лира
1;14.09.2011;16.9306;Турецкая лира
1;13.09.2011;16.8539;Турецкая лира
1;10.09.2011;16.7771;Турецкая лира
1;09.09.2011;16.6911;Турецкая лира
1;08.09.2011;16.8114;Турецкая лира
1;07.09.2011;16.6811;Турецкая лира
1;06.09.2011;16.6640;Турецкая лира
1;03.09.2011;16.6535;Турецкая лира
1;02.09.2011;16.8432;Турецкая лира
1;01.09.2011;16.7561;Турецкая лира
1;31.08.2011;16.6351;Турецкая лира
1;30.08.2011;16.4296;Турецкая лира
1;27.08.2011;16.4981;Турецкая лира
1;26.08.2011;16.2489;Турецкая лира
1;25.08.2011;16.2399;Турецкая лира
1;24.08.2011;16.2257;Турецкая лира
1;23.08.2011;16.3439;Турецкая лира
1;20.08.2011;16.3570;Турецкая лира
1;19.08.2011;16.2928;Турецкая лира
1;18.08.2011;16.1506;Турецкая лира
1;17.08.2011;16.1390;Турецкая лира
1;16.08.2011;16.2670;Турецкая лира
1;13.08.2011;16.4132;Турецкая лира
1;12.08.2011;16.6669;Турецкая лира
1;11.08.2011;16.8370;Турецкая лира
1;10.08.2011;16.6149;Турецкая лира
1;09.08.2011;16.4254;Турецкая лира
1;06.08.2011;16.3201;Турецкая лира
1;05.08.2011;16.4412;Турецкая лира
1;04.08.2011;16.2965;Турецкая лира
1;03.08.2011;16.3572;Турецкая лира
1;02.08.2011;16.4213;Турецкая лира
1;30.07.2011;16.4711;Турецкая лира
1;29.07.2011;16.3066;Турецкая лира
1;28.07.2011;16.1103;Турецкая лира
1;27.07.2011;16.0450;Турецкая лира
1;26.07.2011;16.0447;Турецкая лира
1;23.07.2011;16.5672;Турецкая лира
1;22.07.2011;16.7616;Турецкая лира
1;21.07.2011;16.9210;Турецкая лира
1;20.07.2011;16.9837;Турецкая лира
1;19.07.2011;16.9764;Турецкая лира
1;16.07.2011;17.0368;Турецкая лира
1;15.07.2011;17.0376;Турецкая лира
1;14.07.2011;17.1507;Турецкая лира
1;13.07.2011;17.1558;Турецкая лира
1;12.07.2011;17.1662;Турецкая лира
1;09.07.2011;17.2042;Турецкая лира
1;08.07.2011;17.1300;Турецкая лира
1;07.07.2011;17.1161;Турецкая лира
1;06.07.2011;17.1671;Турецкая лира
1;05.07.2011;17.2629;Турецкая лира
1;02.07.2011;17.2116;Турецкая лира
1;01.07.2011;17.2266;Турецкая лира
1;30.06.2011;17.1675;Турецкая лира
1;29.06.2011;17.2481;Турецкая лира
1;28.06.2011;17.2821;Турецкая лира
1;25.06.2011;17.2540;Турецкая лира
1;24.06.2011;17.2721;Турецкая лира
1;23.06.2011;17.3020;Турецкая лира
1;22.06.2011;17.5194;Турецкая лира
1;21.06.2011;17.4803;Турецкая лира
1;18.06.2011;17.4963;Турецкая лира
1;17.06.2011;17.4876;Турецкая лира
1;16.06.2011;17.4895;Турецкая лира
1;15.06.2011;17.7133;Турецкая лира
1;11.06.2011;17.6225;Турецкая лира
1;10.06.2011;17.5560;Турецкая лира
1;09.06.2011;17.4888;Турецкая лира
1;08.06.2011;17.5609;Турецкая лира
1;07.06.2011;17.6295;Турецкая лира
1;04.06.2011;17.5591;Турецкая лира
1;03.06.2011;17.5811;Турецкая лира
1;02.06.2011;17.5757;Турецкая лира
1;01.06.2011;17.5636;Турецкая лира
1;31.05.2011;17.5209;Турецкая лира
1;28.05.2011;17.5291;Турецкая лира
1;27.05.2011;17.6912;Турецкая лира
1;26.05.2011;17.7221;Турецкая лира
1;25.05.2011;17.7753;Турецкая лира
1;24.05.2011;17.6167;Турецкая лира
1;21.05.2011;17.7033;Турецкая лира
1;20.05.2011;17.7540;Турецкая лира
1;19.05.2011;17.7510;Турецкая лира
1;18.05.2011;17.7175;Турецкая лира
1;17.05.2011;17.7124;Турецкая лира
1;14.05.2011;17.6264;Турецкая лира
1;13.05.2011;17.6323;Турецкая лира
1;12.05.2011;17.5700;Турецкая лира
1;11.05.2011;17.9135;Турецкая лира
1;07.05.2011;17.9052;Турецкая лира
1;06.05.2011;17.7156;Турецкая лира
1;05.05.2011;17.8058;Турецкая лира
1;04.05.2011;17.9186;Турецкая лира
1;30.04.2011;18.0401;Турецкая лира
1;29.04.2011;18.1827;Турецкая лира
1;28.04.2011;18.2008;Турецкая лира
1;27.04.2011;18.2628;Турецкая лира
1;26.04.2011;18.4646;Турецкая лира
1;23.04.2011;18.3934;Турецкая лира
1;22.04.2011;18.4433;Турецкая лира
1;21.04.2011;18.4586;Турецкая лира
1;20.04.2011;18.5035;Турецкая лира
1;19.04.2011;18.4740;Турецкая лира
1;16.04.2011;18.5507;Турецкая лира
1;15.04.2011;18.5757;Турецкая лира
1;14.04.2011;18.5452;Турецкая лира
1;13.04.2011;18.5132;Турецкая лира
1;12.04.2011;18.4537;Турецкая лира
1;09.04.2011;18.7137;Турецкая лира
1;08.04.2011;18.6327;Турецкая лира
1;07.04.2011;18.5013;Турецкая лира
1;06.04.2011;18.4679;Турецкая лира
1;05.04.2011;18.4290;Турецкая лира
1;02.04.2011;18.2963;Турецкая лира
1;01.04.2011;18.4332;Турецкая лира
1;31.03.2011;18.2706;Турецкая лира
1;30.03.2011;18.1830;Турецкая лира
1;29.03.2011;18.2825;Турецкая лира
1;26.03.2011;18.2147;Турецкая лира
1;25.03.2011;18.2423;Турецкая лира
1;24.03.2011;18.0743;Турецкая лира
1;23.03.2011;17.9453;Турецкая лира
1;22.03.2011;17.9974;Турецкая лира
1;19.03.2011;17.9809;Турецкая лира
1;18.03.2011;18.0939;Турецкая лира
1;17.03.2011;18.1152;Турецкая лира
1;16.03.2011;18.2389;Турецкая лира
1;15.03.2011;18.0788;Турецкая лира
1;12.03.2011;18.0870;Турецкая лира
1;11.03.2011;17.9212;Турецкая лира
1;10.03.2011;17.8065;Турецкая лира
1;06.03.2011;17.6128;Турецкая лира
1;05.03.2011;17.5648;Турецкая лира
1;04.03.2011;17.5048;Турецкая лира
1;03.03.2011;17.7305;Турецкая лира
1;02.03.2011;17.9439;Турецкая лира
1;01.03.2011;18.0080;Турецкая лира
1;26.02.2011;18.0427;Турецкая лира
1;25.02.2011;18.0956;Турецкая лира
1;23.02.2011;18.2580;Турецкая лира
1;22.02.2011;18.4513;Турецкая лира
1;19.02.2011;18.5239;Турецкая лира
1;18.02.2011;18.5210;Турецкая лира
1;17.02.2011;18.4110;Турецкая лира
1;16.02.2011;18.3260;Турецкая лира
1;15.02.2011;18.4479;Турецкая лира
1;12.02.2011;18.3709;Турецкая лира
1;11.02.2011;18.3689;Турецкая лира
1;10.02.2011;18.5215;Турецкая лира
1;09.02.2011;18.6290;Турецкая лира
1;08.02.2011;18.6375;Турецкая лира
1;05.02.2011;18.3377;Турецкая лира
1;04.02.2011;18.5870;Турецкая лира
1;03.02.2011;18.6498;Турецкая лира
1;02.02.2011;18.6262;Турецкая лира
1;01.02.2011;18.4566;Турецкая лира
1;29.01.2011;18.6594;Турецкая лира
1;28.01.2011;18.8274;Турецкая лира
1;27.01.2011;18.9939;Турецкая лира
1;26.01.2011;19.1103;Турецкая лира
1;25.01.2011;18.9594;Турецкая лира
1;22.01.2011;18.9786;Турецкая лира
1;21.01.2011;19.2229;Турецкая лира
1;20.01.2011;19.3998;Турецкая лира
1;19.01.2011;19.4800;Турецкая лира
1;18.01.2011;19.3108;Турецкая лира
1;15.01.2011;19.3890;Турецкая лира
1;14.01.2011;19.2199;Турецкая лира
1;13.01.2011;19.3870;Турецкая лира
1;12.01.2011;19.4730;Турецкая лира
1;01.01.2011;19.6126;Турецкая лира
1;31.12.2010;19.5980;Турецкая лира
1;30.12.2010;19.3125;Турецкая лира
1;29.12.2010;19.5948;Турецкая лира
1;28.12.2010;19.6893;Турецкая лира
1;25.12.2010;19.7633;Турецкая лира
1;24.12.2010;19.7178;Турецкая лира
1;23.12.2010;19.7739;Турецкая лира
1;22.12.2010;19.6890;Турецкая лира
1;21.12.2010;19.8687;Турецкая лира
1;18.12.2010;20.1658;Турецкая лира
1;17.12.2010;20.1949;Турецкая лира
1;16.12.2010;20.2464;Турецкая лира
1;15.12.2010;20.4610;Турецкая лира
1;14.12.2010;20.4775;Турецкая лира
1;11.12.2010;20.5162;Турецкая лира
1;10.12.2010;20.7689;Турецкая лира
1;09.12.2010;21.0023;Турецкая лира
1;08.12.2010;21.1400;Турецкая лира
1;07.12.2010;21.1582;Турецкая лира
1;04.12.2010;21.0547;Турецкая лира
1;03.12.2010;21.0584;Турецкая лира
1;02.12.2010;21.0334;Турецкая лира
1;01.12.2010;20.8960;Турецкая лира
1;30.11.2010;21.0617;Турецкая лира
1;27.11.2010;21.1280;Турецкая лира
1;26.11.2010;21.1981;Турецкая лира
1;25.11.2010;21.1153;Турецкая лира
1;24.11.2010;21.4006;Турецкая лира
1;23.11.2010;21.5363;Турецкая лира
1;20.11.2010;21.4939;Турецкая лира
1;19.11.2010;21.5023;Турецкая лира
1;18.11.2010;21.4057;Турецкая лира
1;17.11.2010;21.4327;Турецкая лира
1;16.11.2010;21.3099;Турецкая лира
1;14.11.2010;21.3954;Турецкая лира
1;13.11.2010;21.3178;Турецкая лира
1;12.11.2010;21.5456;Турецкая лира
1;11.11.2010;21.7215;Турецкая лира
1;10.11.2010;21.8162;Турецкая лира
1;09.11.2010;21.8771;Турецкая лира
1;04.11.2010;21.8543;Турецкая лира
1;03.11.2010;21.6860;Турецкая лира
1;02.11.2010;21.5684;Турецкая лира
1;30.10.2010;21.4719;Турецкая лира
1;29.10.2010;21.2972;Турецкая лира
1;28.10.2010;21.2412;Турецкая лира
1;27.10.2010;21.4432;Турецкая лира
1;26.10.2010;21.3504;Турецкая лира
1;23.10.2010;21.3330;Турецкая лира
1;22.10.2010;21.6290;Турецкая лира
1;21.10.2010;21.5362;Турецкая лира
1;20.10.2010;21.3860;Турецкая лира
1;19.10.2010;21.4201;Турецкая лира
1;16.10.2010;21.3738;Турецкая лира
1;15.10.2010;21.5102;Турецкая лира
1;14.10.2010;21.2236;Турецкая лира
1;13.10.2010;21.1344;Турецкая лира
1;12.10.2010;21.1828;Турецкая лира
1;09.10.2010;20.9327;Турецкая лира
1;08.10.2010;20.9364;Турецкая лира
1;07.10.2010;21.0410;Турецкая лира
1;06.10.2010;20.9398;Турецкая лира
1;05.10.2010;21.1206;Турецкая лира
1;02.10.2010;21.0963;Турецкая лира
1;01.10.2010;21.0026;Турецкая лира
1;30.09.2010;20.8111;Турецкая лира
1;29.09.2010;20.7186;Турецкая лира
1;28.09.2010;20.7412;Турецкая лира
1;25.09.2010;20.8054;Турецкая лира
1;24.09.2010;20.8396;Турецкая лира
1;23.09.2010;20.8595;Турецкая лира
1;22.09.2010;20.8153;Турецкая лира
1;21.09.2010;20.7092;Турецкая лира
1;18.09.2010;20.7702;Турецкая лира
1;17.09.2010;20.8078;Турецкая лира
1;16.09.2010;20.6106;Турецкая лира
1;15.09.2010;20.5315;Турецкая лира
1;14.09.2010;20.5348;Турецкая лира
1;11.09.2010;20.4621;Турецкая лира
1;10.09.2010;20.3426;Турецкая лира
1;09.09.2010;20.4241;Турецкая лира
1;08.09.2010;20.3684;Турецкая лира
1;07.09.2010;20.4106;Турецкая лира
1;04.09.2010;20.3058;Турецкая лира
1;03.09.2010;20.2279;Турецкая лира
1;02.09.2010;20.2246;Турецкая лира
1;01.09.2010;20.1995;Турецкая лира
1;31.08.2010;20.2202;Турецкая лира
1;28.08.2010;20.1661;Турецкая лира
1;27.08.2010;20.2315;Турецкая лира
1;26.08.2010;20.2171;Турецкая лира
1;25.08.2010;20.0521;Турецкая лира
1;24.08.2010;20.1834;Турецкая лира
1;21.08.2010;20.2159;Турецкая лира
1;20.08.2010;20.2834;Турецкая лира
1;19.08.2010;20.2784;Турецкая лира
1;18.08.2010;20.2969;Турецкая лира
1;17.08.2010;20.1958;Турецкая лира
1;14.08.2010;20.1230;Турецкая лира
1;13.08.2010;20.0575;Турецкая лира
1;12.08.2010;20.0312;Турецкая лира
1;11.08.2010;20.0627;Турецкая лира
1;10.08.2010;20.0515;Турецкая лира
1;07.08.2010;19.9114;Турецкая лира
1;06.08.2010;19.8361;Турецкая лира
1;05.08.2010;19.8758;Турецкая лира
1;04.08.2010;20.0415;Турецкая лира
1;03.08.2010;20.1241;Турецкая лира
1;31.07.2010;19.9754;Турецкая лира
1;30.07.2010;19.9876;Турецкая лира
1;29.07.2010;20.0136;Турецкая лира
1;28.07.2010;19.9730;Турецкая лира
1;27.07.2010;19.9701;Турецкая лира
1;24.07.2010;19.9697;Турецкая лира
1;23.07.2010;19.9493;Турецкая лира
1;22.07.2010;19.9278;Турецкая лира
1;21.07.2010;19.8109;Турецкая лира
1;20.07.2010;19.7851;Турецкая лира
1;17.07.2010;19.8382;Турецкая лира
1;16.07.2010;19.8184;Турецкая лира
1;15.07.2010;19.7638;Турецкая лира
1;14.07.2010;19.7860;Турецкая лира
1;13.07.2010;19.8141;Турецкая лира
1;10.07.2010;19.8564;Турецкая лира
1;09.07.2010;19.9342;Турецкая лира
1;08.07.2010;19.9118;Турецкая лира
1;07.07.2010;19.9566;Турецкая лира
1;06.07.2010;19.8738;Турецкая лира
1;03.07.2010;19.7870;Турецкая лира
1;02.07.2010;19.7658;Турецкая лира
1;01.07.2010;19.7457;Турецкая лира
1;30.06.2010;19.7227;Турецкая лира
1;29.06.2010;19.7258;Турецкая лира
1;26.06.2010;19.6485;Турецкая лира
1;25.06.2010;19.7033;Турецкая лира
1;24.06.2010;19.8090;Турецкая лира
1;23.06.2010;19.8369;Турецкая лира
1;22.06.2010;19.8339;Турецкая лира
1;19.06.2010;19.8381;Турецкая лира
1;18.06.2010;19.8925;Турецкая лира
1;17.06.2010;19.9211;Турецкая лира
1;16.06.2010;19.8947;Турецкая лира
1;12.06.2010;19.9158;Турецкая лира
1;11.06.2010;19.7487;Турецкая лира
1;10.06.2010;19.8475;Турецкая лира
1;09.06.2010;19.7218;Турецкая лира
1;08.06.2010;19.8252;Турецкая лира
1;05.06.2010;19.5905;Турецкая лира
1;04.06.2010;19.6651;Турецкая лира
1;03.06.2010;19.7718;Турецкая лира
1;02.06.2010;19.5965;Турецкая лира
1;01.06.2010;19.5150;Турецкая лира
1;29.05.2010;19.4873;Турецкая лира
1;28.05.2010;19.6742;Турецкая лира
1;27.05.2010;19.7504;Турецкая лира
1;26.05.2010;19.7173;Турецкая лира
1;25.05.2010;19.7199;Турецкая лира
1;22.05.2010;19.6207;Турецкая лира
1;21.05.2010;19.5638;Турецкая лира
1;20.05.2010;19.6689;Турецкая лира
1;19.05.2010;19.7946;Турецкая лира
1;18.05.2010;19.8594;Турецкая лира
1;15.05.2010;19.7422;Турецкая лира
1;14.05.2010;19.6691;Турецкая лира
1;13.05.2010;19.7044;Турецкая лира
1;12.05.2010;19.8269;Турецкая лира
1;08.05.2010;19.3593;Турецкая лира
1;07.05.2010;19.6990;Турецкая лира
1;06.05.2010;19.5722;Турецкая лира
1;05.05.2010;19.6250;Турецкая лира
1;01.05.2010;19.7251;Турецкая лира
1;30.04.2010;19.5910;Турецкая лира
1;29.04.2010;19.5191;Турецкая лира
1;28.04.2010;19.7367;Турецкая лира
1;27.04.2010;19.7275;Турецкая лира
1;24.04.2010;19.6736;Турецкая лира
1;23.04.2010;19.6750;Турецкая лира
1;22.04.2010;19.6558;Турецкая лира
1;21.04.2010;19.5230;Турецкая лира
1;20.04.2010;19.5795;Турецкая лира
1;17.04.2010;19.6831;Турецкая лира
1;16.04.2010;19.5890;Турецкая лира
1;15.04.2010;19.6100;Турецкая лира
1;14.04.2010;19.4593;Турецкая лира
1;13.04.2010;19.4822;Турецкая лира
1;10.04.2010;19.6602;Турецкая лира
1;09.04.2010;19.5481;Турецкая лира
1;08.04.2010;19.5515;Турецкая лира
1;07.04.2010;19.3333;Турецкая лира
1;06.04.2010;19.2931;Турецкая лира
1;03.04.2010;19.2512;Турецкая лира
1;02.04.2010;19.3910;Турецкая лира
1;01.04.2010;19.3034;Турецкая лира
1;31.03.2010;19.2209;Турецкая лира
1;30.03.2010;19.3679;Турецкая лира
1;27.03.2010;19.2363;Турецкая лира
1;26.03.2010;19.1906;Турецкая лира
1;25.03.2010;19.2329;Турецкая лира
1;24.03.2010;19.0947;Турецкая лира
1;23.03.2010;19.0413;Турецкая лира
1;20.03.2010;19.1670;Турецкая лира
1;19.03.2010;19.2126;Турецкая лира
1;18.03.2010;19.2234;Турецкая лира
1;17.03.2010;19.2554;Турецкая лира
1;16.03.2010;19.1897;Турецкая лира
1;13.03.2010;19.2253;Турецкая лира
1;12.03.2010;19.2159;Турецкая лира
1;11.03.2010;19.2831;Турецкая лира
1;10.03.2010;19.3760;Турецкая лира
1;06.03.2010;19.2581;Турецкая лира
1;05.03.2010;19.3008;Турецкая лира
1;04.03.2010;19.3937;Турецкая лира
1;03.03.2010;19.4700;Турецкая лира
1;02.03.2010;19.4477;Турецкая лира
1;28.02.2010;19.3628;Турецкая лира
1;27.02.2010;19.4175;Турецкая лира
1;26.02.2010;19.4474;Турецкая лира
1;25.02.2010;19.4438;Турецкая лира
1;20.02.2010;19.7699;Турецкая лира
1;19.02.2010;19.8130;Турецкая лира
1;18.02.2010;19.8992;Турецкая лира
1;17.02.2010;19.9745;Турецкая лира
1;16.02.2010;19.9161;Турецкая лира
1;13.02.2010;19.8810;Турецкая лира
1;12.02.2010;19.9131;Турецкая лира
1;11.02.2010;20.0572;Турецкая лира
1;10.02.2010;20.0671;Турецкая лира
1;09.02.2010;20.0788;Турецкая лира
1;06.02.2010;19.9650;Турецкая лира
1;05.02.2010;20.0786;Турецкая лира
1;04.02.2010;20.1578;Турецкая лира
1;03.02.2010;20.3211;Турецкая лира
1;02.02.2010;20.3901;Турецкая лира
1;30.01.2010;20.4099;Турецкая лира
1;29.01.2010;20.3533;Турецкая лира
1;28.01.2010;20.2555;Турецкая лира
1;27.01.2010;20.2333;Турецкая лира
1;26.01.2010;20.2113;Турецкая лира
1;23.01.2010;20.0931;Турецкая лира
1;22.01.2010;20.1959;Турецкая лира
1;21.01.2010;20.3009;Турецкая лира
1;20.01.2010;20.2834;Турецкая лира
1;19.01.2010;20.3229;Турецкая лира
1;16.01.2010;20.2039;Турецкая лира
1;15.01.2010;20.2713;Турецкая лира
1;14.01.2010;20.3494;Турецкая лира
1;13.01.2010;20.2115;Турецкая лира
1;12.01.2010;20.1564;Турецкая лира
1;01.01.2010;20.1409;Турецкая лира
1;31.12.2009;19.9962;Турецкая лира
1;30.12.2009;19.7768;Турецкая лира
1;29.12.2009;19.5348;Турецкая лира
1;26.12.2009;19.4197;Турецкая лира
1;25.12.2009;19.7357;Турецкая лира
1;24.12.2009;19.9808;Турецкая лира
1;23.12.2009;19.9658;Турецкая лира
1;22.12.2009;20.0518;Турецкая лира
1;19.12.2009;20.2403;Турецкая лира
1;18.12.2009;20.0654;Турецкая лира
1;17.12.2009;20.0105;Турецкая лира
1;16.12.2009;19.9521;Турецкая лира
1;15.12.2009;20.0121;Турецкая лира
1;12.12.2009;20.2038;Турецкая лира
1;11.12.2009;20.3163;Турецкая лира
1;10.12.2009;20.4089;Турецкая лира
1;09.12.2009;20.1899;Турецкая лира
1;08.12.2009;19.7710;Турецкая лира
1;05.12.2009;19.6500;Турецкая лира
1;04.12.2009;19.6168;Турецкая лира
1;03.12.2009;19.4186;Турецкая лира
1;02.12.2009;19.2461;Турецкая лира
1;01.12.2009;19.1267;Турецкая лира
1;28.11.2009;19.2884;Турецкая лира
1;27.11.2009;19.2951;Турецкая лира
1;26.11.2009;19.2749;Турецкая лира
1;25.11.2009;19.2269;Турецкая лира
1;24.11.2009;19.2904;Турецкая лира
1;21.11.2009;19.3013;Турецкая лира
1;20.11.2009;19.3263;Турецкая лира
1;19.11.2009;19.4095;Турецкая лира
1;18.11.2009;19.4011;Турецкая лира
1;17.11.2009;19.4324;Турецкая лира
1;14.11.2009;19.4237;Турецкая лира
1;13.11.2009;19.4413;Турецкая лира
1;12.11.2009;19.5031;Турецкая лира
1;11.11.2009;19.5026;Турецкая лира
1;10.11.2009;19.5300;Турецкая лира
1;07.11.2009;19.5260;Турецкая лира
1;06.11.2009;19.4935;Турецкая лира
1;04.11.2009;19.3690;Турецкая лира
1;03.11.2009;19.4396;Турецкая лира
1;31.10.2009;19.4554;Турецкая лира
1;30.10.2009;19.5797;Турецкая лира
1;29.10.2009;19.4798;Турецкая лира
1;28.10.2009;19.4885;Турецкая лира
1;27.10.2009;19.6605;Турецкая лира
1;24.10.2009;19.8306;Турецкая лира
1;23.10.2009;19.8132;Турецкая лира
1;22.10.2009;19.9304;Турецкая лира
1;21.10.2009;20.0999;Турецкая лира
1;20.10.2009;20.1229;Турецкая лира
1;17.10.2009;20.1803;Турецкая лира
1;16.10.2009;20.3093;Турецкая лира
1;15.10.2009;20.3306;Турецкая лира
1;14.10.2009;20.2334;Турецкая лира
1;13.10.2009;20.1529;Турецкая лира
1;10.10.2009;20.1985;Турецкая лира
1;09.10.2009;20.2983;Турецкая лира
1;08.10.2009;20.3040;Турецкая лира
1;07.10.2009;20.3230;Турецкая лира
1;06.10.2009;20.2222;Турецкая лира
1;03.10.2009;19.9695;Турецкая лира
1;02.10.2009;20.2193;Турецкая лира
1;01.10.2009;20.1970;Турецкая лира
1;30.09.2009;20.2505;Турецкая лира
1;29.09.2009;20.2159;Турецкая лира
1;26.09.2009;20.2126;Турецкая лира
1;25.09.2009;20.2613;Турецкая лира
1;24.09.2009;20.2610;Турецкая лира
1;23.09.2009;20.3901;Турецкая лира
1;22.09.2009;20.4382;Турецкая лира
1;19.09.2009;20.5691;Турецкая лира
1;18.09.2009;20.6933;Турецкая лира
1;17.09.2009;20.7573;Турецкая лира
1;16.09.2009;20.7704;Турецкая лира
1;15.09.2009;20.5416;Турецкая лира
1;12.09.2009;20.5022;Турецкая лира
1;11.09.2009;20.5148;Турецкая лира
1;10.09.2009;20.8664;Турецкая лира
1;09.09.2009;21.1425;Турецкая лира
1;08.09.2009;21.0882;Турецкая лира
1;05.09.2009;21.0064;Турецкая лира
1;04.09.2009;21.0495;Турецкая лира
1;03.09.2009;21.1043;Турецкая лира
1;02.09.2009;21.1984;Турецкая лира
1;01.09.2009;21.1855;Турецкая лира
1;29.08.2009;21.0500;Турецкая лира
1;28.08.2009;21.0390;Турецкая лира
1;27.08.2009;21.0503;Турецкая лира
1;26.08.2009;21.0614;Турецкая лира
1;25.08.2009;21.2559;Турецкая лира
1;22.08.2009;21.3803;Турецкая лира
1;21.08.2009;21.1676;Турецкая лира
1;20.08.2009;21.2525;Турецкая лира
1;19.08.2009;21.2976;Турецкая лира
1;18.08.2009;21.4107;Турецкая лира
1;15.08.2009;21.3333;Турецкая лира
1;14.08.2009;21.6849;Турецкая лира
1;13.08.2009;21.5864;Турецкая лира
1;12.08.2009;21.3258;Турецкая лира
1;11.08.2009;21.5162;Турецкая лира
1;08.08.2009;21.2970;Турецкая лира
1;07.08.2009;21.2988;Турецкая лира
1;06.08.2009;21.2219;Турецкая лира
1;05.08.2009;21.2981;Турецкая лира
1;04.08.2009;21.2100;Турецкая лира
1;01.08.2009;21.1567;Турецкая лира
1;31.07.2009;21.3368;Турецкая лира
1;30.07.2009;21.0918;Турецкая лира
1;29.07.2009;20.7848;Турецкая лира
1;28.07.2009;20.7952;Турецкая лира
1;25.07.2009;20.9467;Турецкая лира
1;24.07.2009;20.8844;Турецкая лира
1;23.07.2009;20.5709;Турецкая лира
1;22.07.2009;20.6306;Турецкая лира
1;21.07.2009;20.7358;Турецкая лира
1;18.07.2009;20.7669;Турецкая лира
1;17.07.2009;20.7058;Турецкая лира
1;16.07.2009;20.8327;Турецкая лира
1;15.07.2009;21.0607;Турецкая лира
1;14.07.2009;21.2016;Турецкая лира
1;11.07.2009;20.5949;Турецкая лира
1;10.07.2009;20.5516;Турецкая лира
1;09.07.2009;20.4451;Турецкая лира
1;08.07.2009;20.3568;Турецкая лира
1;07.07.2009;20.3145;Турецкая лира
1;04.07.2009;20.3518;Турецкая лира
1;03.07.2009;20.3699;Турецкая лира
1;02.07.2009;20.3142;Турецкая лира
1;01.07.2009;20.2153;Турецкая лира
1;30.06.2009;20.3145;Турецкая лира
1;27.06.2009;20.1322;Турецкая лира
1;26.06.2009;20.0319;Турецкая лира
1;25.06.2009;19.8410;Турецкая лира
1;24.06.2009;19.9826;Турецкая лира
1;23.06.2009;20.0751;Турецкая лира
1;20.06.2009;20.0309;Турецкая лира
1;19.06.2009;19.9588;Турецкая лира
1;18.06.2009;20.0578;Турецкая лира
1;17.06.2009;20.1925;Турецкая лира
1;16.06.2009;20.1388;Турецкая лира
1;12.06.2009;19.9783;Турецкая лира
1;11.06.2009;20.0309;Турецкая лира
1;10.06.2009;20.1299;Турецкая лира
1;09.06.2009;19.9904;Турецкая лира
1;06.06.2009;19.9298;Турецкая лира
1;05.06.2009;20.0628;Турецкая лира
1;04.06.2009;19.9981;Турецкая лира
1;03.06.2009;20.0536;Турецкая лира
1;02.06.2009;20.1139;Турецкая лира
1;30.05.2009;20.0235;Турецкая лира
1;29.05.2009;19.9426;Турецкая лира
1;28.05.2009;19.9786;Турецкая лира
1;27.05.2009;20.0816;Турецкая лира
1;26.05.2009;20.0682;Турецкая лира
1;23.05.2009;20.3031;Турецкая лира
1;22.05.2009;20.5477;Турецкая лира
1;21.05.2009;20.6768;Турецкая лира
1;20.05.2009;20.7750;Турецкая лира
1;19.05.2009;20.5746;Турецкая лира
1;16.05.2009;20.4825;Турецкая лира
1;15.05.2009;20.3464;Турецкая лира
1;14.05.2009;20.5950;Турецкая лира
1;13.05.2009;20.5747;Турецкая лира
1;09.05.2009;20.8970;Турецкая лира
1;08.05.2009;21.0824;Турецкая лира
1;07.05.2009;20.9226;Турецкая лира
1;06.05.2009;20.9410;Турецкая лира
1;05.05.2009;20.8100;Турецкая лира
1;01.05.2009;20.8564;Турецкая лира
1;30.04.2009;20.6414;Турецкая лира
1;29.04.2009;20.5131;Турецкая лира
1;28.04.2009;20.5733;Турецкая лира
1;25.04.2009;20.5426;Турецкая лира
1;24.04.2009;20.6408;Турецкая лира
1;23.04.2009;20.6310;Турецкая лира
1;22.04.2009;20.4757;Турецкая лира
1;21.04.2009;20.7198;Турецкая лира
1;18.04.2009;20.8521;Турецкая лира
1;17.04.2009;20.8865;Турецкая лира
1;16.04.2009;20.9696;Турецкая лира
1;15.04.2009;21.1468;Турецкая лира
1;14.04.2009;21.2814;Турецкая лира
1;11.04.2009;21.4414;Турецкая лира
1;10.04.2009;21.2546;Турецкая лира
1;09.04.2009;20.9049;Турецкая лира
1;08.04.2009;20.9804;Турецкая лира
1;07.04.2009;21.1760;Турецкая лира
1;04.04.2009;20.9005;Турецкая лира
1;03.04.2009;20.8173;Турецкая лира
1;02.04.2009;20.3816;Турецкая лира
1;01.04.2009;20.0813;Турецкая лира
1;31.03.2009;19.9247;Турецкая лира
1;28.03.2009;20.1091;Турецкая лира
1;27.03.2009;20.2461;Турецкая лира
1;26.03.2009;20.2211;Турецкая лира
1;25.03.2009;20.2019;Турецкая лира
1;24.03.2009;19.9529;Турецкая лира
1;21.03.2009;19.4659;Турецкая лира
1;20.03.2009;20.0072;Турецкая лира
1;19.03.2009;20.2234;Турецкая лира
1;18.03.2009;20.3547;Турецкая лира
1;17.03.2009;20.5176;Турецкая лира
1;14.03.2009;20.5666;Турецкая лира
1;13.03.2009;20.0422;Турецкая лира
1;12.03.2009;20.0573;Турецкая лира
1;11.03.2009;19.8230;Турецкая лира
1;07.03.2009;19.9751;Турецкая лира
1;06.03.2009;20.8565;Турецкая лира
1;05.03.2009;20.9716;Турецкая лира
1;04.03.2009;21.0754;Турецкая лира
1;03.03.2009;20.9212;Турецкая лира
1;28.02.2009;21.1039;Турецкая лира
1;27.02.2009;21.1612;Турецкая лира
1;26.02.2009;21.2422;Турецкая лира
1;25.02.2009;21.2351;Турецкая лира
1;21.02.2009;21.1838;Турецкая лира
1;20.02.2009;21.4037;Турецкая лира
1;19.02.2009;21.5504;Турецкая лира
1;18.02.2009;21.1845;Турецкая лира
1;17.02.2009;20.9567;Турецкая лира
1;14.02.2009;21.0001;Турецкая лира
1;13.02.2009;21.2547;Турецкая лира
1;12.02.2009;21.8823;Турецкая лира
1;11.02.2009;22.2082;Турецкая лира
1;10.02.2009;22.3482;Турецкая лира
1;07.02.2009;22.3257;Турецкая лира
1;06.02.2009;22.1157;Турецкая лира
1;05.02.2009;21.9796;Турецкая лира
1;04.02.2009;21.9629;Турецкая лира
1;03.02.2009;21.9080;Турецкая лира
1;31.01.2009;21.6140;Турецкая лира
1;30.01.2009;21.3523;Турецкая лира
1;29.01.2009;20.5478;Турецкая лира
1;28.01.2009;20.4296;Турецкая лира
1;27.01.2009;19.7739;Турецкая лира
1;24.01.2009;19.6785;Турецкая лира
1;23.01.2009;19.8674;Турецкая лира
1;22.01.2009;19.6514;Турецкая лира
1;21.01.2009;20.1906;Турецкая лира
1;20.01.2009;20.1955;Турецкая лира
1;17.01.2009;20.2768;Турецкая лира
1;16.01.2009;19.8567;Турецкая лира
1;15.01.2009;19.9378;Турецкая лира
1;14.01.2009;19.5753;Турецкая лира
1;13.01.2009;19.6951;Турецкая лира
1;12.01.2009;19.5474;Турецкая лира
1;01.01.2009;19.3239;Турецкая лира
1;31.12.2008;19.3636;Турецкая лира
1;30.12.2008;19.3807;Турецкая лира
1;27.12.2008;19.1837;Турецкая лира
1;26.12.2008;18.8853;Турецкая лира
1;25.12.2008;18.8546;Турецкая лира
1;24.12.2008;18.5870;Турецкая лира
1;23.12.2008;18.6097;Турецкая лира
1;20.12.2008;18.4017;Турецкая лира
1;19.12.2008;18.0160;Турецкая лира
1;18.12.2008;17.8550;Турецкая лира
1;17.12.2008;17.5970;Турецкая лира
1;16.12.2008;17.7749;Турецкая лира
1;13.12.2008;17.7753;Турецкая лира
1;12.12.2008;18.0468;Турецкая лира
1;11.12.2008;17.8156;Турецкая лира
1;10.12.2008;17.6652;Турецкая лира
1;09.12.2008;17.9469;Турецкая лира
1;06.12.2008;17.9786;Турецкая лира
1;05.12.2008;17.6723;Турецкая лира
1;04.12.2008;17.6716;Турецкая лира
1;03.12.2008;17.2771;Турецкая лира
1;02.12.2008;17.7121;Турецкая лира
1;29.11.2008;17.6826;Турецкая лира
1;28.11.2008;17.4716;Турецкая лира
1;27.11.2008;17.2868;Турецкая лира
1;26.11.2008;17.4857;Турецкая лира
1;25.11.2008;16.8144;Турецкая лира
1;22.11.2008;16.3096;Турецкая лира
1;21.11.2008;16.0701;Турецкая лира
1;20.11.2008;16.4832;Турецкая лира
1;19.11.2008;16.6142;Турецкая лира
1;18.11.2008;16.9870;Турецкая лира
1;15.11.2008;16.6780;Турецкая лира
1;14.11.2008;16.6850;Турецкая лира
1;13.11.2008;17.0677;Турецкая лира
1;12.11.2008;17.4774;Турецкая лира
1;11.11.2008;17.6697;Турецкая лира
1;08.11.2008;17.5351;Турецкая лира
1;07.11.2008;17.5662;Турецкая лира
1;06.11.2008;17.7948;Турецкая лира
1;02.11.2008;17.5589;Турецкая лира
1;01.11.2008;17.0621;Турецкая лира
1;31.10.2008;17.9006;Турецкая лира
1;30.10.2008;17.8041;Турецкая лира
1;29.10.2008;16.8989;Турецкая лира
1;28.10.2008;15.9656;Турецкая лира
1;25.10.2008;16.1357;Турецкая лира
1;24.10.2008;15.9830;Турецкая лира
1;23.10.2008;16.2815;Турецкая лира
1;22.10.2008;17.3161;Турецкая лира
1;21.10.2008;17.5167;Турецкая лира
1;18.10.2008;17.5824;Турецкая лира
1;17.10.2008;17.9028;Турецкая лира
1;16.10.2008;18.7453;Турецкая лира
1;15.10.2008;18.9531;Турецкая лира
1;14.10.2008;18.8405;Турецкая лира
1;11.10.2008;18.2698;Турецкая лира
1;10.10.2008;18.7888;Турецкая лира
1;09.10.2008;18.5948;Турецкая лира
1;08.10.2008;19.3847;Турецкая лира
1;07.10.2008;19.5931;Турецкая лира
1;04.10.2008;19.7178;Турецкая лира
1;03.10.2008;20.0897;Турецкая лира
1;02.10.2008;20.1720;Турецкая лира
1;01.10.2008;19.7985;Турецкая лира
1;30.09.2008;20.2945;Турецкая лира
1;27.09.2008;20.2362;Турецкая лира
1;26.09.2008;20.1149;Турецкая лира
1;25.09.2008;20.2506;Турецкая лира
1;24.09.2008;20.1910;Турецкая лира
1;23.09.2008;20.3536;Турецкая лира
1;20.09.2008;20.2545;Турецкая лира
1;19.09.2008;19.7290;Турецкая лира
1;18.09.2008;20.2736;Турецкая лира
1;17.09.2008;19.9893;Турецкая лира
1;16.09.2008;20.1939;Турецкая лира
1;13.09.2008;20.6270;Турецкая лира
1;12.09.2008;20.6191;Турецкая лира
1;11.09.2008;20.7295;Турецкая лира
1;10.09.2008;20.8572;Турецкая лира
1;09.09.2008;20.7564;Турецкая лира
1;06.09.2008;20.5201;Турецкая лира
1;05.09.2008;20.7954;Турецкая лира
1;04.09.2008;20.6234;Турецкая лира
1;03.09.2008;20.8155;Турецкая лира
1;02.09.2008;20.7897;Турецкая лира
1;30.08.2008;20.7838;Турецкая лира
1;29.08.2008;20.6506;Турецкая лира
1;28.08.2008;20.6826;Турецкая лира
1;27.08.2008;20.6644;Турецкая лира
1;26.08.2008;20.5957;Турецкая лира
1;23.08.2008;20.4723;Турецкая лира
1;22.08.2008;20.3597;Турецкая лира
1;21.08.2008;20.5152;Турецкая лира
1;20.08.2008;20.6525;Турецкая лира
1;19.08.2008;20.6944;Турецкая лира
1;16.08.2008;20.6884;Турецкая лира
1;15.08.2008;20.5188;Турецкая лира
1;14.08.2008;20.4919;Турецкая лира
1;13.08.2008;20.5231;Турецкая лира
1;12.08.2008;20.6903;Турецкая лира
1;09.08.2008;20.2443;Турецкая лира
1;08.08.2008;20.1638;Турецкая лира
1;07.08.2008;20.2447;Турецкая лира
1;06.08.2008;20.3362;Турецкая лира
1;05.08.2008;20.2983;Турецкая лира
1;02.08.2008;20.1716;Турецкая лира
1;01.08.2008;20.0639;Турецкая лира
1;31.07.2008;19.6774;Турецкая лира
1;30.07.2008;19.3431;Турецкая лира
1;29.07.2008;19.3626;Турецкая лира
1;26.07.2008;19.3226;Турецкая лира
1;25.07.2008;19.4413;Турецкая лира
1;24.07.2008;19.5098;Турецкая лира
1;23.07.2008;19.4190;Турецкая лира
1;22.07.2008;19.4650;Турецкая лира
1;19.07.2008;19.3442;Турецкая лира
1;18.07.2008;19.2579;Турецкая лира
1;17.07.2008;19.0179;Турецкая лира
1;16.07.2008;18.9321;Турецкая лира
1;15.07.2008;19.1020;Турецкая лира
1;12.07.2008;19.1344;Турецкая лира
1;11.07.2008;19.2101;Турецкая лира
1;10.07.2008;19.1359;Турецкая лира
1;09.07.2008;19.0534;Турецкая лира
1;08.07.2008;19.1489;Турецкая лира
1;05.07.2008;18.9571;Турецкая лира
1;04.07.2008;18.7262;Турецкая лира
1;03.07.2008;18.8615;Турецкая лира
1;02.07.2008;19.1349;Турецкая лира
1;01.07.2008;19.0640;Турецкая лира
1;28.06.2008;19.1254;Турецкая лира
1;27.06.2008;19.3745;Турецкая лира
1;26.06.2008;19.2415;Турецкая лира
1;25.06.2008;19.1305;Турецкая лира
1;24.06.2008;19.2657;Турецкая лира
1;21.06.2008;19.2967;Турецкая лира
1;20.06.2008;19.1231;Турецкая лира
1;19.06.2008;19.1878;Турецкая лира
1;18.06.2008;19.0355;Турецкая лира
1;17.06.2008;18.9932;Турецкая лира
1;12.06.2008;18.8344;Турецкая лира
1;11.06.2008;18.9829;Турецкая лира
1;10.06.2008;18.7613;Турецкая лира
1;08.06.2008;18.9050;Турецкая лира
1;07.06.2008;19.0667;Турецкая лира
1;06.06.2008;19.2573;Турецкая лира
1;05.06.2008;19.2728;Турецкая лира
1;04.06.2008;19.2266;Турецкая лира
1;03.06.2008;19.4491;Турецкая лира
1;31.05.2008;19.6429;Турецкая лира
1;30.05.2008;19.3935;Турецкая лира
1;29.05.2008;18.9725;Турецкая лира
1;28.05.2008;18.9243;Турецкая лира
1;27.05.2008;18.8507;Турецкая лира
1;24.05.2008;18.9716;Турецкая лира
1;23.05.2008;18.8305;Турецкая лира
1;22.05.2008;19.0352;Турецкая лира
1;21.05.2008;19.1966;Турецкая лира
1;20.05.2008;19.3002;Турецкая лира
1;17.05.2008;19.2717;Турецкая лира
1;16.05.2008;19.0025;Турецкая лира
1;15.05.2008;19.1046;Турецкая лира
1;14.05.2008;18.9154;Турецкая лира
1;13.05.2008;18.7956;Турецкая лира
1;09.05.2008;18.9130;Турецкая лира
1;08.05.2008;18.9488;Турецкая лира
1;07.05.2008;18.7594;Турецкая лира
1;06.05.2008;18.8060;Турецкая лира
1;05.05.2008;18.8273;Турецкая лира
1;01.05.2008;18.3259;Турецкая лира
1;30.04.2008;18.4772;Турецкая лира
1;29.04.2008;18.3401;Турецкая лира
1;26.04.2008;18.3378;Турецкая лира
1;25.04.2008;18.0606;Турецкая лира
1;24.04.2008;17.8614;Турецкая лира
1;23.04.2008;17.7998;Турецкая лира
1;22.04.2008;17.9287;Турецкая лира
1;19.04.2008;17.5250;Турецкая лира
1;18.04.2008;17.6247;Турецкая лира
1;17.04.2008;17.8029;Турецкая лира
1;16.04.2008;17.9154;Турецкая лира
1;15.04.2008;17.8908;Турецкая лира
1;12.04.2008;18.1025;Турецкая лира
1;11.04.2008;18.0081;Турецкая лира
1;10.04.2008;18.2297;Турецкая лира
1;09.04.2008;18.2795;Турецкая лира
1;08.04.2008;18.3465;Турецкая лира
1;05.04.2008;18.1399;Турецкая лира
1;04.04.2008;18.3206;Турецкая лира
1;03.04.2008;18.2292;Турецкая лира
1;02.04.2008;17.6960;Турецкая лира
1;01.04.2008;18.0235;Турецкая лира
1;29.03.2008;18.4248;Турецкая лира
1;28.03.2008;18.4665;Турецкая лира
1;27.03.2008;18.7314;Турецкая лира
1;26.03.2008;19.1942;Турецкая лира
1;25.03.2008;19.0986;Турецкая лира
1;22.03.2008;19.1428;Турецкая лира
1;21.03.2008;19.0109;Турецкая лира
1;20.03.2008;19.2311;Турецкая лира
1;19.03.2008;18.7256;Турецкая лира
1;18.03.2008;18.4789;Турецкая лира
1;15.03.2008;19.2974;Турецкая лира
1;14.03.2008;19.1299;Турецкая лира
1;13.03.2008;19.5572;Турецкая лира
1;12.03.2008;19.0109;Турецкая лира
1;08.03.2008;19.0759;Турецкая лира
1;07.03.2008;19.8416;Турецкая лира
1;06.03.2008;19.7562;Турецкая лира
1;05.03.2008;19.8612;Турецкая лира
1;04.03.2008;19.4589;Турецкая лира
1;01.03.2008;20.2210;Турецкая лира
1;29.02.2008;20.3854;Турецкая лира
1;28.02.2008;20.4105;Турецкая лира
1;27.02.2008;20.4002;Турецкая лира
1;23.02.2008;20.2536;Турецкая лира
1;22.02.2008;20.2726;Турецкая лира
1;21.02.2008;20.3892;Турецкая лира
1;20.02.2008;20.4936;Турецкая лира
1;19.02.2008;20.4977;Турецкая лира
1;16.02.2008;20.5106;Турецкая лира
1;15.02.2008;20.5669;Турецкая лира
1;14.02.2008;20.3008;Турецкая лира
1;13.02.2008;20.2080;Турецкая лира
1;12.02.2008;20.0500;Турецкая лира
1;09.02.2008;20.5739;Турецкая лира
1;08.02.2008;20.7079;Турецкая лира
1;07.02.2008;20.7229;Турецкая лира
1;06.02.2008;20.9851;Турецкая лира
1;05.02.2008;20.9459;Турецкая лира
1;02.02.2008;20.9040;Турецкая лира
1;01.02.2008;20.8842;Турецкая лира
1;31.01.2008;20.7779;Турецкая лира
1;30.01.2008;20.6540;Турецкая лира
1;29.01.2008;20.5302;Турецкая лира
1;26.01.2008;20.7494;Турецкая лира
1;25.01.2008;20.5565;Турецкая лира
1;24.01.2008;20.6043;Турецкая лира
1;23.01.2008;20.0740;Турецкая лира
1;22.01.2008;20.5586;Турецкая лира
1;19.01.2008;20.6502;Турецкая лира
1;18.01.2008;20.8193;Турецкая лира
1;17.01.2008;20.9078;Турецкая лира
1;16.01.2008;21.0997;Турецкая лира
1;15.01.2008;21.1137;Турецкая лира
1;12.01.2008;21.1153;Турецкая лира
1;11.01.2008;21.0867;Турецкая лира
1;10.01.2008;21.0316;Турецкая лира
1;30.12.2007;20.9367;Турецкая лира
1;29.12.2007;20.8229;Турецкая лира
1;28.12.2007;20.8891;Турецкая лира
1;27.12.2007;20.9161;Турецкая лира
1;26.12.2007;20.8604;Турецкая лира
1;25.12.2007;20.7734;Турецкая лира
1;22.12.2007;20.7186;Турецкая лира
1;21.12.2007;20.7398;Турецкая лира
1;20.12.2007;20.7538;Турецкая лира
1;19.12.2007;20.7761;Турецкая лира
1;18.12.2007;20.7526;Турецкая лира
1;15.12.2007;20.8500;Турецкая лира
1;14.12.2007;20.7903;Турецкая лира
1;13.12.2007;20.7674;Турецкая лира
1;12.12.2007;20.8964;Турецкая лира
1;11.12.2007;20.8409;Турецкая лира
1;08.12.2007;20.8655;Турецкая лира
1;07.12.2007;20.8215;Турецкая лира
1;06.12.2007;20.6629;Турецкая лира
1;05.12.2007;20.6526;Турецкая лира
1;04.12.2007;20.6119;Турецкая лира
1;01.12.2007;20.6226;Турецкая лира
1;30.11.2007;20.5040;Турецкая лира
1;29.11.2007;20.0182;Турецкая лира
1;28.11.2007;19.9746;Турецкая лира
1;27.11.2007;20.3605;Турецкая лира
1;24.11.2007;20.3071;Турецкая лира
1;23.11.2007;20.1386;Турецкая лира
1;22.11.2007;20.3845;Турецкая лира
1;21.11.2007;20.4373;Турецкая лира
1;20.11.2007;20.6469;Турецкая лира
1;17.11.2007;20.5476;Турецкая лира
1;16.11.2007;20.7993;Турецкая лира
1;15.11.2007;20.7399;Турецкая лира
1;14.11.2007;20.2951;Турецкая лира
1;13.11.2007;20.2268;Турецкая лира
1;10.11.2007;20.6241;Турецкая лира
1;09.11.2007;20.4964;Турецкая лира
1;08.11.2007;20.9507;Турецкая лира
1;07.11.2007;20.8124;Турецкая лира
1;03.11.2007;20.8516;Турецкая лира
1;02.11.2007;21.1161;Турецкая лира
1;01.11.2007;20.7418;Турецкая лира
1;31.10.2007;20.7606;Турецкая лира
1;30.10.2007;20.7793;Турецкая лира
1;27.10.2007;20.7977;Турецкая лира
1;26.10.2007;20.5923;Турецкая лира
1;25.10.2007;20.5221;Турецкая лира
1;24.10.2007;20.3782;Турецкая лира
1;23.10.2007;19.9651;Турецкая лира
1;20.10.2007;20.6048;Турецкая лира
1;19.10.2007;20.6465;Турецкая лира
1;18.10.2007;20.3407;Турецкая лира
1;17.10.2007;20.3691;Турецкая лира
1;16.10.2007;20.8038;Турецкая лира
1;13.10.2007;20.8479;Турецкая лира
1;12.10.2007;20.9675;Турецкая лира
1;11.10.2007;21.1015;Турецкая лира
1;10.10.2007;20.9880;Турецкая лира
1;09.10.2007;21.0535;Турецкая лира
1;06.10.2007;20.7936;Турецкая лира
1;05.10.2007;20.6703;Турецкая лира
1;04.10.2007;20.5674;Турецкая лира
1;03.10.2007;20.6991;Турецкая лира
1;02.10.2007;20.6049;Турецкая лира
1;29.09.2007;20.4838;Турецкая лира
1;28.09.2007;20.4858;Турецкая лира
1;27.09.2007;20.3665;Турецкая лира
1;26.09.2007;20.3260;Турецкая лира
1;25.09.2007;20.3849;Турецкая лира
1;22.09.2007;20.1983;Турецкая лира
1;21.09.2007;20.2889;Турецкая лира
1;20.09.2007;20.2791;Турецкая лира
1;19.09.2007;19.9267;Турецкая лира
1;18.09.2007;20.0845;Турецкая лира
1;15.09.2007;20.0778;Турецкая лира
1;14.09.2007;19.8699;Турецкая лира
1;13.09.2007;19.8683;Турецкая лира
1;12.09.2007;19.6529;Турецкая лира
1;11.09.2007;19.5346;Турецкая лира
1;08.09.2007;19.7550;Турецкая лира
1;07.09.2007;19.6282;Турецкая лира
1;06.09.2007;19.7250;Турецкая лира
1;05.09.2007;19.6441;Турецкая лира
1;04.09.2007;19.7435;Турецкая лира
1;01.09.2007;19.6144;Турецкая лира
1;31.08.2007;19.5038;Турецкая лира
1;30.08.2007;19.1975;Турецкая лира
1;29.08.2007;19.3995;Турецкая лира
1;28.08.2007;19.5090;Турецкая лира
1;25.08.2007;19.3545;Турецкая лира
1;24.08.2007;19.4629;Турецкая лира
1;23.08.2007;19.0705;Турецкая лира
1;22.08.2007;18.9812;Турецкая лира
1;21.08.2007;19.2096;Турецкая лира
1;18.08.2007;18.2759;Турецкая лира
1;17.08.2007;18.8763;Турецкая лира
1;16.08.2007;19.1978;Турецкая лира
1;15.08.2007;19.6037;Турецкая лира
1;14.08.2007;19.7872;Турецкая лира
1;11.08.2007;19.5891;Турецкая лира
1;10.08.2007;20.1787;Турецкая лира
1;09.08.2007;20.0960;Турецкая лира
1;08.08.2007;19.9766;Турецкая лира
1;07.08.2007;19.6845;Турецкая лира
1;04.08.2007;20.0435;Турецкая лира
1;03.08.2007;19.9319;Турецкая лира
1;02.08.2007;19.4019;Турецкая лира
1;01.08.2007;19.7822;Турецкая лира
1;31.07.2007;19.5718;Турецкая лира
1;28.07.2007;19.4509;Турецкая лира
1;27.07.2007;20.3600;Турецкая лира
1;26.07.2007;20.3159;Турецкая лира
1;25.07.2007;20.3057;Турецкая лира
1;24.07.2007;20.1599;Турецкая лира
1;21.07.2007;20.0619;Турецкая лира
1;20.07.2007;19.9307;Турецкая лира
1;19.07.2007;19.8704;Турецкая лира
1;18.07.2007;19.9548;Турецкая лира
1;17.07.2007;20.0431;Турецкая лира
1;14.07.2007;20.0028;Турецкая лира
1;13.07.2007;19.8111;Турецкая лира
1;12.07.2007;19.7298;Турецкая лира
1;11.07.2007;19.9600;Турецкая лира
1;10.07.2007;19.9314;Турецкая лира
1;07.07.2007;19.7623;Турецкая лира
1;06.07.2007;19.8717;Турецкая лира
1;05.07.2007;19.7803;Турецкая лира
1;04.07.2007;19.8280;Турецкая лира
1;03.07.2007;19.6553;Турецкая лира
1;30.06.2007;19.6396;Турецкая лира
1;29.06.2007;19.4764;Турецкая лира
1;28.06.2007;19.3899;Турецкая лира
1;27.06.2007;19.4039;Турецкая лира
1;26.06.2007;19.6517;Турецкая лира
1;23.06.2007;19.7605;Турецкая лира
1;22.06.2007;19.8238;Турецкая лира
1;21.06.2007;19.8981;Турецкая лира
1;20.06.2007;19.9054;Турецкая лира
1;19.06.2007;19.8667;Турецкая лира
1;16.06.2007;19.6100;Турецкая лира
1;15.06.2007;19.5105;Турецкая лира
1;14.06.2007;19.3621;Турецкая лира
1;10.06.2007;19.2567;Турецкая лира
1;09.06.2007;19.3252;Турецкая лира
1;08.06.2007;19.5483;Турецкая лира
1;07.06.2007;19.5962;Турецкая лира
1;06.06.2007;19.6051;Турецкая лира
1;05.06.2007;19.6754;Турецкая лира
1;02.06.2007;19.6497;Турецкая лира
1;01.06.2007;19.4989;Турецкая лира
1;31.05.2007;19.4687;Турецкая лира
1;30.05.2007;19.5199;Турецкая лира
1;29.05.2007;19.4943;Турецкая лира
1;26.05.2007;19.3759;Турецкая лира
1;25.05.2007;19.4665;Турецкая лира
1;24.05.2007;19.4856;Турецкая лира
1;23.05.2007;19.5936;Турецкая лира
1;22.05.2007;19.4643;Турецкая лира
1;19.05.2007;19.4209;Турецкая лира
1;18.05.2007;19.4553;Турецкая лира
1;17.05.2007;19.3734;Турецкая лира
1;16.05.2007;19.2843;Турецкая лира
1;15.05.2007;19.2803;Турецкая лира
1;12.05.2007;19.1268;Турецкая лира
1;11.05.2007;19.2798;Турецкая лира
1;09.05.2007;19.2471;Турецкая лира
1;08.05.2007;19.1197;Турецкая лира
1;05.05.2007;18.9758;Турецкая лира
1;04.05.2007;18.9461;Турецкая лира
1;03.05.2007;18.9804;Турецкая лира
1;29.04.2007;19.2614;Турецкая лира
1;28.04.2007;19.2411;Турецкая лира
1;27.04.2007;19.3183;Турецкая лира
1;26.04.2007;19.1324;Турецкая лира
1;25.04.2007;19.1857;Турецкая лира
1;24.04.2007;19.1708;Турецкая лира
1;21.04.2007;19.0548;Турецкая лира
1;20.04.2007;18.9733;Турецкая лира
1;19.04.2007;19.1001;Турецкая лира
1;18.04.2007;18.9841;Турецкая лира
1;17.04.2007;18.8296;Турецкая лира
1;14.04.2007;18.7572;Турецкая лира
1;13.04.2007;18.7834;Турецкая лира
1;12.04.2007;18.8632;Турецкая лира
1;11.04.2007;18.8516;Турецкая лира
1;10.04.2007;18.9392;Турецкая лира
1;07.04.2007;18.9595;Турецкая лира
1;06.04.2007;18.9341;Турецкая лира
1;05.04.2007;18.9269;Турецкая лира
1;04.04.2007;18.6908;Турецкая лира
1;03.04.2007;18.6409;Турецкая лира
1;31.03.2007;18.6863;Турецкая лира
1;30.03.2007;18.6272;Турецкая лира
1;29.03.2007;18.5948;Турецкая лира
1;28.03.2007;18.6817;Турецкая лира
1;27.03.2007;18.7672;Турецкая лира
1;24.03.2007;18.7534;Турецкая лира
1;23.03.2007;18.7448;Турецкая лира
1;22.03.2007;18.5874;Турецкая лира
1;21.03.2007;18.6143;Турецкая лира
1;20.03.2007;18.4957;Турецкая лира
1;17.03.2007;18.4800;Турецкая лира
1;16.03.2007;18.5188;Турецкая лира
1;15.03.2007;18.2160;Турецкая лира
1;14.03.2007;18.5462;Турецкая лира
1;13.03.2007;18.6608;Турецкая лира
1;10.03.2007;18.4438;Турецкая лира
1;08.03.2007;18.3143;Турецкая лира
1;07.03.2007;18.2308;Турецкая лира
1;06.03.2007;17.9799;Турецкая лира
1;03.03.2007;18.4389;Турецкая лира
1;02.03.2007;18.3802;Турецкая лира
1;01.03.2007;18.2090;Турецкая лира
1;28.02.2007;18.8336;Турецкая лира
1;27.02.2007;18.9248;Турецкая лира
1;23.02.2007;18.9512;Турецкая лира
1;22.02.2007;18.9078;Турецкая лира
1;21.02.2007;18.9829;Турецкая лира
1;20.02.2007;18.8855;Турецкая лира
1;17.02.2007;18.8070;Турецкая лира
1;16.02.2007;18.8376;Турецкая лира
1;15.02.2007;18.7766;Турецкая лира
1;14.02.2007;18.6336;Турецкая лира
1;13.02.2007;18.6686;Турецкая лира
1;10.02.2007;18.7525;Турецкая лира
1;09.02.2007;18.7461;Турецкая лира
1;08.02.2007;18.8909;Турецкая лира
1;07.02.2007;18.9133;Турецкая лира
1;06.02.2007;18.8482;Турецкая лира
1;03.02.2007;18.8202;Турецкая лира
1;02.02.2007;18.7860;Турецкая лира
1;01.02.2007;18.6435;Турецкая лира
1;31.01.2007;18.5352;Турецкая лира
1;30.01.2007;18.5061;Турецкая лира
1;27.01.2007;18.4812;Турецкая лира
1;26.01.2007;18.6764;Турецкая лира
1;25.01.2007;18.6798;Турецкая лира
1;24.01.2007;18.7250;Турецкая лира
1;23.01.2007;18.7563;Турецкая лира
1;20.01.2007;18.6148;Турецкая лира
1;19.01.2007;18.5945;Турецкая лира
1;18.01.2007;18.5119;Турецкая лира
1;17.01.2007;18.6041;Турецкая лира
1;16.01.2007;18.5766;Турецкая лира
1;13.01.2007;18.4691;Турецкая лира
1;12.01.2007;18.3740;Турецкая лира
1;11.01.2007;18.2562;Турецкая лира
1;10.01.2007;18.4360;Турецкая лира
1;30.12.2006;18.6217;Турецкая лира
1;29.12.2006;18.4726;Турецкая лира
1;28.12.2006;18.4559;Турецкая лира
1;27.12.2006;18.4529;Турецкая лира
1;26.12.2006;18.4028;Турецкая лира
1;23.12.2006;18.3875;Турецкая лира
1;22.12.2006;18.3609;Турецкая лира
1;21.12.2006;18.3171;Турецкая лира
1;20.12.2006;18.3726;Турецкая лира
1;19.12.2006;18.4405;Турецкая лира
1;16.12.2006;18.4771;Турецкая лира
1;15.12.2006;18.4571;Турецкая лира
1;14.12.2006;18.3385;Турецкая лира
1;13.12.2006;18.4416;Турецкая лира
1;12.12.2006;18.2496;Турецкая лира
1;09.12.2006;18.2826;Турецкая лира
1;08.12.2006;18.1887;Турецкая лира
1;07.12.2006;18.0858;Турецкая лира
1;06.12.2006;18.0579;Турецкая лира
1;05.12.2006;17.9368;Турецкая лира
1;02.12.2006;18.0450;Турецкая лира
1;01.12.2006;17.9577;Турецкая лира
1;30.11.2006;17.8163;Турецкая лира
1;29.11.2006;17.6729;Турецкая лира
1;28.11.2006;17.9487;Турецкая лира
1;25.11.2006;17.8465;Турецкая лира
1;24.11.2006;17.9736;Турецкая лира
1;23.11.2006;18.1902;Турецкая лира
1;22.11.2006;18.3573;Турецкая лира
1;21.11.2006;18.3220;Турецкая лира
1;18.11.2006;18.4188;Турецкая лира
1;17.11.2006;18.4464;Турецкая лира
1;16.11.2006;18.3510;Турецкая лира
1;15.11.2006;18.3483;Турецкая лира
1;14.11.2006;18.3266;Турецкая лира
1;11.11.2006;18.2889;Турецкая лира
1;10.11.2006;18.3619;Турецкая лира
1;09.11.2006;18.3283;Турецкая лира
1;08.11.2006;18.5439;Турецкая лира
1;04.11.2006;18.1267;Турецкая лира
1;03.11.2006;18.2566;Турецкая лира
1;02.11.2006;18.2947;Турецкая лира
1;01.11.2006;18.3056;Турецкая лира
1;31.10.2006;18.4023;Турецкая лира
1;28.10.2006;18.5003;Турецкая лира
1;27.10.2006;18.3771;Турецкая лира
1;26.10.2006;18.3135;Турецкая лира
1;25.10.2006;18.1780;Турецкая лира
1;24.10.2006;18.3634;Турецкая лира
1;21.10.2006;18.3534;Турецкая лира
1;20.10.2006;18.3357;Турецкая лира
1;19.10.2006;18.1645;Турецкая лира
1;18.10.2006;18.2304;Турецкая лира
1;17.10.2006;18.3089;Турецкая лира
1;14.10.2006;18.2834;Турецкая лира
1;13.10.2006;18.0454;Турецкая лира
1;12.10.2006;18.0776;Турецкая лира
1;11.10.2006;17.9081;Турецкая лира
1;10.10.2006;17.9041;Турецкая лира
1;07.10.2006;17.8735;Турецкая лира
1;06.10.2006;17.8298;Турецкая лира
1;05.10.2006;17.5926;Турецкая лира
1;04.10.2006;17.8164;Турецкая лира
1;03.10.2006;17.7097;Турецкая лира
1;30.09.2006;17.8295;Турецкая лира
1;29.09.2006;17.8689;Турецкая лира
1;28.09.2006;17.7859;Турецкая лира
1;27.09.2006;17.5485;Турецкая лира
1;26.09.2006;17.5900;Турецкая лира
1;23.09.2006;17.4436;Турецкая лира
1;22.09.2006;18.1597;Турецкая лира
1;21.09.2006;18.1924;Турецкая лира
1;20.09.2006;18.2491;Турецкая лира
1;19.09.2006;18.2532;Турецкая лира
1;16.09.2006;18.0856;Турецкая лира
1;15.09.2006;18.2075;Турецкая лира
1;14.09.2006;18.2237;Турецкая лира
1;13.09.2006;18.0799;Турецкая лира
1;12.09.2006;17.9963;Турецкая лира
1;09.09.2006;18.1810;Турецкая лира
1;08.09.2006;18.1311;Турецкая лира
1;07.09.2006;18.3309;Турецкая лира
1;06.09.2006;18.3665;Турецкая лира
1;05.09.2006;18.2716;Турецкая лира
1;02.09.2006;18.2249;Турецкая лира
1;01.09.2006;18.2081;Турецкая лира
1;31.08.2006;18.1212;Турецкая лира
1;30.08.2006;18.1074;Турецкая лира
1;29.08.2006;17.9646;Турецкая лира
1;26.08.2006;18.0957;Турецкая лира
1;25.08.2006;18.0501;Турецкая лира
1;24.08.2006;18.2298;Турецкая лира
1;23.08.2006;18.3670;Турецкая лира
1;22.08.2006;18.2848;Турецкая лира
1;19.08.2006;18.4771;Турецкая лира
1;18.08.2006;18.5444;Турецкая лира
1;17.08.2006;18.4058;Турецкая лира
1;16.08.2006;18.1985;Турецкая лира
1;15.08.2006;18.4196;Турецкая лира
1;12.08.2006;18.4144;Турецкая лира
1;11.08.2006;18.4084;Турецкая лира
1;10.08.2006;18.2271;Турецкая лира
1;09.08.2006;18.2552;Турецкая лира
1;08.08.2006;18.0746;Турецкая лира
1;05.08.2006;17.9310;Турецкая лира
1;04.08.2006;17.8574;Турецкая лира
1;03.08.2006;17.7222;Турецкая лира
1;02.08.2006;17.8172;Турецкая лира
1;01.08.2006;17.9757;Турецкая лира
1;29.07.2006;17.8847;Турецкая лира
1;28.07.2006;17.6541;Турецкая лира
1;27.07.2006;17.5473;Турецкая лира
1;26.07.2006;17.4666;Турецкая лира
1;25.07.2006;17.2800;Турецкая лира
1;22.07.2006;17.2625;Турецкая лира
1;21.07.2006;17.3424;Турецкая лира
1;20.07.2006;17.1562;Турецкая лира
1;19.07.2006;17.0040;Турецкая лира
1;18.07.2006;16.8667;Турецкая лира
1;15.07.2006;16.8309;Турецкая лира
1;14.07.2006;17.0643;Турецкая лира
1;13.07.2006;17.3784;Турецкая лира
1;12.07.2006;17.3405;Турецкая лира
1;11.07.2006;17.1548;Турецкая лира
1;08.07.2006;17.1855;Турецкая лира
1;07.07.2006;16.7202;Турецкая лира
1;06.07.2006;17.2264;Турецкая лира
1;05.07.2006;17.4397;Турецкая лира
1;04.07.2006;16.9495;Турецкая лира
1;01.07.2006;16.9342;Турецкая лира
1;30.06.2006;16.8453;Турецкая лира
1;29.06.2006;16.4555;Турецкая лира
1;28.06.2006;16.1974;Турецкая лира
1;27.06.2006;16.1678;Турецкая лира
1;24.06.2006;16.0243;Турецкая лира
1;23.06.2006;16.3974;Турецкая лира
1;22.06.2006;16.5592;Турецкая лира
1;21.06.2006;16.7306;Турецкая лира
1;20.06.2006;16.9198;Турецкая лира
1;17.06.2006;16.9836;Турецкая лира
1;16.06.2006;16.8981;Турецкая лира
1;15.06.2006;17.0053;Турецкая лира
1;14.06.2006;16.8745;Турецкая лира
1;10.06.2006;17.4695;Турецкая лира
1;09.06.2006;17.5515;Турецкая лира
1;08.06.2006;17.2666;Турецкая лира
1;07.06.2006;16.9090;Турецкая лира
1;06.06.2006;16.7981;Турецкая лира
1;03.06.2006;17.5158;Турецкая лира
1;02.06.2006;17.2276;Турецкая лира
1;01.06.2006;17.2996;Турецкая лира
1;31.05.2006;17.4654;Турецкая лира
1;30.05.2006;17.7244;Турецкая лира
1;27.05.2006;17.8448;Турецкая лира
1;26.05.2006;17.6144;Турецкая лира
1;25.05.2006;17.4414;Турецкая лира
1;24.05.2006;17.5701;Турецкая лира
1;23.05.2006;18.0643;Турецкая лира
1;20.05.2006;17.9632;Турецкая лира
1;19.05.2006;17.9069;Турецкая лира
1;18.05.2006;18.7984;Турецкая лира
1;17.05.2006;18.2574;Турецкая лира
1;16.05.2006;18.5903;Турецкая лира
1;13.05.2006;19.4395;Турецкая лира
1;12.05.2006;19.9378;Турецкая лира
1;11.05.2006;19.9674;Турецкая лира
1;07.05.2006;20.5292;Турецкая лира
1;06.05.2006;20.5576;Турецкая лира
1;05.05.2006;20.5502;Турецкая лира
1;04.05.2006;20.5797;Турецкая лира
1;03.05.2006;20.5525;Турецкая лира
1;29.04.2006;20.6386;Турецкая лира
1;28.04.2006;20.6351;Турецкая лира
1;27.04.2006;20.6499;Турецкая лира
1;26.04.2006;20.7196;Турецкая лира
1;25.04.2006;20.6808;Турецкая лира
1;22.04.2006;20.6373;Турецкая лира
1;21.04.2006;20.6051;Турецкая лира
1;20.04.2006;20.6039;Турецкая лира
1;19.04.2006;20.4659;Турецкая лира
1;18.04.2006;20.4693;Турецкая лира
1;15.04.2006;20.4430;Турецкая лира
1;14.04.2006;20.6013;Турецкая лира
1;13.04.2006;20.6052;Турецкая лира
1;12.04.2006;20.6565;Турецкая лира
1;11.04.2006;20.5935;Турецкая лира
1;08.04.2006;20.6028;Турецкая лира
1;07.04.2006;20.5933;Турецкая лира
1;06.04.2006;20.5904;Турецкая лира
1;05.04.2006;20.6580;Турецкая лира
1;04.04.2006;20.6113;Турецкая лира
1;01.04.2006;20.5030;Турецкая лира
1;31.03.2006;20.4966;Турецкая лира
1;30.03.2006;20.3396;Турецкая лира
1;29.03.2006;20.5029;Турецкая лира
1;28.03.2006;20.6031;Турецкая лира
1;25.03.2006;20.6427;Турецкая лира
1;24.03.2006;20.6761;Турецкая лира
1;23.03.2006;20.4938;Турецкая лира
1;22.03.2006;20.6198;Турецкая лира
1;21.03.2006;20.7047;Турецкая лира
1;18.03.2006;20.9315;Турецкая лира
1;17.03.2006;20.8524;Турецкая лира
1;16.03.2006;20.8096;Турецкая лира
1;15.03.2006;20.7817;Турецкая лира
1;14.03.2006;20.8547;Турецкая лира
1;11.03.2006;20.8252;Турецкая лира
1;10.03.2006;20.7561;Турецкая лира
1;08.03.2006;21.2160;Турецкая лира
1;07.03.2006;21.3157;Турецкая лира
1;04.03.2006;21.4273;Турецкая лира
1;03.03.2006;21.3953;Турецкая лира
1;02.03.2006;21.3114;Турецкая лира
1;01.03.2006;21.3832;Турецкая лира
1;28.02.2006;21.2886;Турецкая лира
1;27.02.2006;21.2973;Турецкая лира
1;23.02.2006;21.1980;Турецкая лира
1;22.02.2006;21.3567;Турецкая лира
1;21.02.2006;21.3544;Турецкая лира
1;18.02.2006;21.2167;Турецкая лира
1;17.02.2006;21.1404;Турецкая лира
1;16.02.2006;21.1946;Турецкая лира
1;15.02.2006;21.1674;Турецкая лира
1;14.02.2006;21.1830;Турецкая лира
1;11.02.2006;21.2339;Турецкая лира
1;10.02.2006;21.1925;Турецкая лира
1;09.02.2006;21.1876;Турецкая лира
1;08.02.2006;21.2280;Турецкая лира
1;07.02.2006;21.2292;Турецкая лира
1;04.02.2006;21.1749;Турецкая лира
1;03.02.2006;21.2195;Турецкая лира
1;02.02.2006;21.2107;Турецкая лира
1;01.02.2006;21.1826;Турецкая лира
1;31.01.2006;21.1593;Турецкая лира
1;28.01.2006;21.1024;Турецкая лира
1;27.01.2006;21.0934;Турецкая лира
1;26.01.2006;21.0697;Турецкая лира
1;25.01.2006;21.1244;Турецкая лира
1;24.01.2006;21.0753;Турецкая лира
1;21.01.2006;21.1600;Турецкая лира
1;20.01.2006;21.1407;Турецкая лира
1;19.01.2006;21.1211;Турецкая лира
1;18.01.2006;21.2076;Турецкая лира
1;17.01.2006;21.1357;Турецкая лира
1;14.01.2006;21.2413;Турецкая лира
1;13.01.2006;21.1915;Турецкая лира
1;12.01.2006;21.1537;Турецкая лира
1;11.01.2006;21.2950;Турецкая лира
1;31.12.2005;21.3125;Турецкая лира
1;30.12.2005;21.3101;Турецкая лира
1;29.12.2005;21.3021;Турецкая лира
1;28.12.2005;21.3385;Турецкая лира
1;27.12.2005;21.3298;Турецкая лира
1;24.12.2005;21.2712;Турецкая лира
1;23.12.2005;21.2684;Турецкая лира
1;22.12.2005;21.2665;Турецкая лира
1;21.12.2005;21.2018;Турецкая лира
1;20.12.2005;21.1678;Турецкая лира
1;17.12.2005;21.2397;Турецкая лира
1;16.12.2005;21.2907;Турецкая лира
1;15.12.2005;21.2935;Турецкая лира
1;14.12.2005;21.2535;Турецкая лира
1;13.12.2005;21.2497;Турецкая лира
1;10.12.2005;21.3003;Турецкая лира
1;09.12.2005;21.3323;Турецкая лира
1;08.12.2005;21.3162;Турецкая лира
1;07.12.2005;21.2747;Турецкая лира
1;06.12.2005;21.3141;Турецкая лира
1;03.12.2005;21.2819;Турецкая лира
1;02.12.2005;21.2116;Турецкая лира
1;01.12.2005;21.2001;Турецкая лира
1;30.11.2005;21.1820;Турецкая лира
1;29.11.2005;21.1500;Турецкая лира
1;26.11.2005;21.1688;Турецкая лира
1;25.11.2005;21.1176;Турецкая лира
1;24.11.2005;21.1226;Турецкая лира
1;23.11.2005;21.0759;Турецкая лира
1;22.11.2005;21.0186;Турецкая лира
1;19.11.2005;21.2476;Турецкая лира
1;18.11.2005;21.2324;Турецкая лира
1;17.11.2005;21.1624;Турецкая лира
1;16.11.2005;21.1203;Турецкая лира
1;15.11.2005;21.2026;Турецкая лира
1;12.11.2005;21.1490;Турецкая лира
1;11.11.2005;21.1274;Турецкая лира
1;10.11.2005;21.1737;Турецкая лира
1;09.11.2005;21.1119;Турецкая лира
1;08.11.2005;21.1388;Турецкая лира
1;04.11.2005;21.1938;Турецкая лира
1;03.11.2005;21.1629;Турецкая лира
1;02.11.2005;21.1884;Турецкая лира
1;01.11.2005;21.0899;Турецкая лира
1;29.10.2005;21.0084;Турецкая лира
1;28.10.2005;20.9715;Турецкая лира
1;27.10.2005;21.0294;Турецкая лира
1;26.10.2005;20.9757;Турецкая лира
1;25.10.2005;21.0245;Турецкая лира
1;22.10.2005;20.8668;Турецкая лира
1;21.10.2005;20.9454;Турецкая лира
1;20.10.2005;20.9205;Турецкая лира
1;19.10.2005;20.9888;Турецкая лира
1;18.10.2005;20.9619;Турецкая лира
1;15.10.2005;20.8734;Турецкая лира
1;14.10.2005;20.9516;Турецкая лира
1;13.10.2005;21.1567;Турецкая лира
1;12.10.2005;21.1136;Турецкая лира
1;11.10.2005;21.1208;Турецкая лира
1;08.10.2005;20.9017;Турецкая лира
1;07.10.2005;21.0020;Турецкая лира
1;06.10.2005;21.1186;Турецкая лира
1;05.10.2005;21.4394;Турецкая лира
1;04.10.2005;21.0856;Турецкая лира
1;01.10.2005;21.1369;Турецкая лира
1;30.09.2005;21.1025;Турецкая лира
1;29.09.2005;21.1696;Турецкая лира
1;28.09.2005;21.1457;Турецкая лира
1;27.09.2005;21.1454;Турецкая лира
1;24.09.2005;21.1390;Турецкая лира
1;23.09.2005;21.1644;Турецкая лира
1;22.09.2005;21.1013;Турецкая лира
1;21.09.2005;21.1989;Турецкая лира
1;20.09.2005;21.1271;Турецкая лира
1;17.09.2005;21.1135;Турецкая лира
1;16.09.2005;21.0615;Турецкая лира
1;15.09.2005;21.0371;Турецкая лира
1;14.09.2005;21.2229;Турецкая лира
1;13.09.2005;21.1616;Турецкая лира
1;10.09.2005;21.2100;Турецкая лира
1;09.09.2005;21.1182;Турецкая лира
1;08.09.2005;21.1089;Турецкая лира
1;07.09.2005;21.0607;Турецкая лира
1;06.09.2005;21.0666;Турецкая лира
1;03.09.2005;20.9968;Турецкая лира
1;02.09.2005;21.1783;Турецкая лира
1;01.09.2005;20.9053;Турецкая лира
1;31.08.2005;20.9890;Турецкая лира
1;30.08.2005;20.9402;Турецкая лира
1;27.08.2005;20.9195;Турецкая лира
1;26.08.2005;20.6511;Турецкая лира
1;25.08.2005;20.9333;Турецкая лира
1;24.08.2005;20.9768;Турецкая лира
1;23.08.2005;20.7817;Турецкая лира
1;20.08.2005;20.6799;Турецкая лира
1;19.08.2005;20.8287;Турецкая лира
1;18.08.2005;20.9669;Турецкая лира
1;17.08.2005;21.1115;Турецкая лира
1;16.08.2005;20.7695;Турецкая лира
1;13.08.2005;21.2076;Турецкая лира
1;12.08.2005;21.4018;Турецкая лира
1;11.08.2005;21.4936;Турецкая лира
1;10.08.2005;21.3859;Турецкая лира
1;09.08.2005;21.4770;Турецкая лира
1;06.08.2005;21.5608;Турецкая лира
1;05.08.2005;21.6290;Турецкая лира
1;04.08.2005;21.6287;Турецкая лира
1;03.08.2005;21.6371;Турецкая лира
1;02.08.2005;21.5486;Турецкая лира
1;30.07.2005;21.5294;Турецкая лира
1;29.07.2005;21.3564;Турецкая лира
1;28.07.2005;21.3450;Турецкая лира
1;27.07.2005;21.3220;Турецкая лира
1;26.07.2005;21.3864;Турецкая лира
1;23.07.2005;21.5692;Турецкая лира
1;22.07.2005;21.4885;Турецкая лира
1;21.07.2005;21.4790;Турецкая лира
1;20.07.2005;21.5251;Турецкая лира
1;19.07.2005;21.4615;Турецкая лира
1;16.07.2005;21.4917;Турецкая лира
1;15.07.2005;21.4757;Турецкая лира
1;14.07.2005;21.4071;Турецкая лира
1;13.07.2005;21.3466;Турецкая лира
1;12.07.2005;21.3418;Турецкая лира
1;09.07.2005;21.2352;Турецкая лира
1;08.07.2005;21.2383;Турецкая лира
1;07.07.2005;21.3470;Турецкая лира
1;06.07.2005;21.4056;Турецкая лира
1;05.07.2005;21.3812;Турецкая лира
1;02.07.2005;21.4025;Турецкая лира
1;01.07.2005;21.3325;Турецкая лира
1;30.06.2005;21.2229;Турецкая лира
1;29.06.2005;21.1108;Турецкая лира
1;28.06.2005;21.1002;Турецкая лира
1;25.06.2005;21.1807;Турецкая лира
1;24.06.2005;21.0746;Турецкая лира
1;23.06.2005;21.0566;Турецкая лира
1;22.06.2005;20.9002;Турецкая лира
1;21.06.2005;20.9232;Турецкая лира
1;18.06.2005;21.0177;Турецкая лира
1;17.06.2005;20.8017;Турецкая лира
1;16.06.2005;20.6744;Турецкая лира
1;15.06.2005;20.8509;Турецкая лира
1;11.06.2005;20.8703;Турецкая лира
1;10.06.2005;20.8165;Турецкая лира
1;09.06.2005;20.6827;Турецкая лира
1;08.06.2005;20.8615;Турецкая лира
1;07.06.2005;20.6756;Турецкая лира
1;04.06.2005;21.1446;Турецкая лира
1;03.06.2005;20.8870;Турецкая лира
1;02.06.2005;20.8233;Турецкая лира
1;01.06.2005;20.5350;Турецкая лира
1;31.05.2005;20.4751;Турецкая лира
1;28.05.2005;20.3267;Турецкая лира
1;27.05.2005;20.1535;Турецкая лира
1;26.05.2005;20.0549;Турецкая лира
1;25.05.2005;20.2548;Турецкая лира
1;24.05.2005;20.2613;Турецкая лира
1;21.05.2005;20.4623;Турецкая лира
1;20.05.2005;20.4093;Турецкая лира
1;19.05.2005;20.2938;Турецкая лира
1;18.05.2005;20.2994;Турецкая лира
1;17.05.2005;20.3429;Турецкая лира
1;14.05.2005;20.3897;Турецкая лира
1;13.05.2005;20.3711;Турецкая лира
1;12.05.2005;20.2445;Турецкая лира
1;07.05.2005;20.6658;Турецкая лира
1;06.05.2005;20.6884;Турецкая лира
1;05.05.2005;20.5392;Турецкая лира
1;04.05.2005;20.1130;Турецкая лира
1;30.04.2005;19.8376;Турецкая лира
1;29.04.2005;20.2138;Турецкая лира
1;28.04.2005;20.3182;Турецкая лира
1;27.04.2005;20.3509;Турецкая лира
1;26.04.2005;20.3568;Турецкая лира
1;23.04.2005;20.3377;Турецкая лира
1;22.04.2005;20.2985;Турецкая лира
1;21.04.2005;20.3405;Турецкая лира
1;20.04.2005;20.1629;Турецкая лира
1;19.04.2005;20.1683;Турецкая лира
1;16.04.2005;20.1685;Турецкая лира
1;15.04.2005;20.5989;Турецкая лира
1;14.04.2005;20.7393;Турецкая лира
1;13.04.2005;20.6201;Турецкая лира
1;12.04.2005;20.6642;Турецкая лира
1;09.04.2005;20.4992;Турецкая лира
1;08.04.2005;20.6985;Турецкая лира
1;07.04.2005;20.5711;Турецкая лира
1;06.04.2005;20.3048;Турецкая лира
1;05.04.2005;20.4042;Турецкая лира
1;02.04.2005;20.6541;Турецкая лира
1;01.04.2005;20.5192;Турецкая лира
1;31.03.2005;20.1489;Турецкая лира
1;30.03.2005;20.0948;Турецкая лира
1;29.03.2005;20.4783;Турецкая лира
1;26.03.2005;20.3984;Турецкая лира
1;25.03.2005;20.5163;Турецкая лира
1;24.03.2005;20.3446;Турецкая лира
1;23.03.2005;20.4877;Турецкая лира
1;22.03.2005;20.8668;Турецкая лира
1;19.03.2005;20.8677;Турецкая лира
1;18.03.2005;20.8275;Турецкая лира
1;17.03.2005;20.7935;Турецкая лира
1;16.03.2005;21.1138;Турецкая лира
1;15.03.2005;21.4664;Турецкая лира
1;12.03.2005;21.4722;Турецкая лира
1;11.03.2005;21.5994;Турецкая лира
1;10.03.2005;21.8181;Турецкая лира
1;06.03.2005;21.9776;Турецкая лира
1;05.03.2005;21.6811;Турецкая лира
1;04.03.2005;21.6091;Турецкая лира
1;03.03.2005;21.5724;Турецкая лира
1;02.03.2005;21.5467;Турецкая лира
1;01.03.2005;21.4236;Турецкая лира
1;26.02.2005;21.3562;Турецкая лира
1;25.02.2005;21.2687;Турецкая лира
1;23.02.2005;21.3511;Турецкая лира
1;22.02.2005;21.3093;Турецкая лира
1;19.02.2005;21.3007;Турецкая лира
1;18.02.2005;21.2200;Турецкая лира
1;17.02.2005;21.2455;Турецкая лира
1;16.02.2005;21.3085;Турецкая лира
1;15.02.2005;21.2353;Турецкая лира
1;12.02.2005;21.0964;Турецкая лира
1;11.02.2005;21.0851;Турецкая лира
1;10.02.2005;21.1765;Турецкая лира
1;09.02.2005;21.3055;Турецкая лира
1;08.02.2005;21.2736;Турецкая лира
1;05.02.2005;21.1115;Турецкая лира
1;04.02.2005;21.0763;Турецкая лира
1;03.02.2005;21.0116;Турецкая лира
1;02.02.2005;20.9245;Турецкая лира
1;01.02.2005;20.9647;Турецкая лира
1;29.01.2005;20.9664;Турецкая лира
1;28.01.2005;21.1340;Турецкая лира
1;27.01.2005;21.0342;Турецкая лира
1;26.01.2005;20.8731;Турецкая лира
1;25.01.2005;20.8916;Турецкая лира
1;22.01.2005;20.7647;Турецкая лира
1;21.01.2005;20.8975;Турецкая лира
1;20.01.2005;20.9660;Турецкая лира
1;19.01.2005;20.9407;Турецкая лира
1;18.01.2005;20.7700;Турецкая лира
1;15.01.2005;20.4889;Турецкая лира
1;14.01.2005;20.5438;Турецкая лира
1;13.01.2005;20.2175;Турецкая лира
1;12.01.2005;20.2059;Турецкая лира
1;01.01.2005;20.6925;Турецкая лира
